   1.4147465020980271e-02   1.4147465020980271e-02   1.4147465020980271e-02
   4.9999242264695917e-02   1.4147465020980271e-02   1.4147465020980271e-02
   1.0250000000000001e-01   1.4147465020980271e-02   1.4147465020980271e-02
   1.5500075773530408e-01   1.4147465020980271e-02   1.4147465020980271e-02
   1.9085253497901974e-01   1.4147465020980271e-02   1.4147465020980271e-02
   1.4147465020980271e-02   4.9999242264695917e-02   1.4147465020980271e-02
   4.9999242264695917e-02   4.9999242264695917e-02   1.4147465020980271e-02
   1.0250000000000001e-01   4.9999242264695917e-02   1.4147465020980271e-02
   1.5500075773530408e-01   4.9999242264695917e-02   1.4147465020980271e-02
   1.9085253497901974e-01   4.9999242264695917e-02   1.4147465020980271e-02
   1.4147465020980271e-02   1.0250000000000001e-01   1.4147465020980271e-02
   4.9999242264695917e-02   1.0250000000000001e-01   1.4147465020980271e-02
   1.0250000000000001e-01   1.0250000000000001e-01   1.4147465020980271e-02
   1.5500075773530408e-01   1.0250000000000001e-01   1.4147465020980271e-02
   1.9085253497901974e-01   1.0250000000000001e-01   1.4147465020980271e-02
   1.4147465020980271e-02   1.5500075773530408e-01   1.4147465020980271e-02
   4.9999242264695917e-02   1.5500075773530408e-01   1.4147465020980271e-02
   1.0250000000000001e-01   1.5500075773530408e-01   1.4147465020980271e-02
   1.5500075773530408e-01   1.5500075773530408e-01   1.4147465020980271e-02
   1.9085253497901974e-01   1.5500075773530408e-01   1.4147465020980271e-02
   1.4147465020980271e-02   1.9085253497901974e-01   1.4147465020980271e-02
   4.9999242264695917e-02   1.9085253497901974e-01   1.4147465020980271e-02
   1.0250000000000001e-01   1.9085253497901974e-01   1.4147465020980271e-02
   1.5500075773530408e-01   1.9085253497901974e-01   1.4147465020980271e-02
   1.9085253497901974e-01   1.9085253497901974e-01   1.4147465020980271e-02
   1.4147465020980271e-02   1.4147465020980271e-02   4.9999242264695917e-02
   4.9999242264695917e-02   1.4147465020980271e-02   4.9999242264695917e-02
   1.0250000000000001e-01   1.4147465020980271e-02   4.9999242264695917e-02
   1.5500075773530408e-01   1.4147465020980271e-02   4.9999242264695917e-02
   1.9085253497901974e-01   1.4147465020980271e-02   4.9999242264695917e-02
   1.4147465020980271e-02   4.9999242264695917e-02   4.9999242264695917e-02
   4.9999242264695917e-02   4.9999242264695917e-02   4.9999242264695917e-02
   1.0250000000000001e-01   4.9999242264695917e-02   4.9999242264695917e-02
   1.5500075773530408e-01   4.9999242264695917e-02   4.9999242264695917e-02
   1.9085253497901974e-01   4.9999242264695917e-02   4.9999242264695917e-02
   1.4147465020980271e-02   1.0250000000000001e-01   4.9999242264695917e-02
   4.9999242264695917e-02   1.0250000000000001e-01   4.9999242264695917e-02
   1.0250000000000001e-01   1.0250000000000001e-01   4.9999242264695917e-02
   1.5500075773530408e-01   1.0250000000000001e-01   4.9999242264695917e-02
   1.9085253497901974e-01   1.0250000000000001e-01   4.9999242264695917e-02
   1.4147465020980271e-02   1.5500075773530408e-01   4.9999242264695917e-02
   4.9999242264695917e-02   1.5500075773530408e-01   4.9999242264695917e-02
   1.0250000000000001e-01   1.5500075773530408e-01   4.9999242264695917e-02
   1.5500075773530408e-01   1.5500075773530408e-01   4.9999242264695917e-02
   1.9085253497901974e-01   1.5500075773530408e-01   4.9999242264695917e-02
   1.4147465020980271e-02   1.9085253497901974e-01   4.9999242264695917e-02
   4.9999242264695917e-02   1.9085253497901974e-01   4.9999242264695917e-02
   1.0250000000000001e-01   1.9085253497901974e-01   4.9999242264695917e-02
   1.5500075773530408e-01   1.9085253497901974e-01   4.9999242264695917e-02
   1.9085253497901974e-01   1.9085253497901974e-01   4.9999242264695917e-02
   1.4147465020980271e-02   1.4147465020980271e-02   1.0250000000000001e-01
   4.9999242264695917e-02   1.4147465020980271e-02   1.0250000000000001e-01
   1.0250000000000001e-01   1.4147465020980271e-02   1.0250000000000001e-01
   1.5500075773530408e-01   1.4147465020980271e-02   1.0250000000000001e-01
   1.9085253497901974e-01   1.4147465020980271e-02   1.0250000000000001e-01
   1.4147465020980271e-02   4.9999242264695917e-02   1.0250000000000001e-01
   4.9999242264695917e-02   4.9999242264695917e-02   1.0250000000000001e-01
   1.0250000000000001e-01   4.9999242264695917e-02   1.0250000000000001e-01
   1.5500075773530408e-01   4.9999242264695917e-02   1.0250000000000001e-01
   1.9085253497901974e-01   4.9999242264695917e-02   1.0250000000000001e-01
   1.4147465020980271e-02   1.0250000000000001e-01   1.0250000000000001e-01
   4.9999242264695917e-02   1.0250000000000001e-01   1.0250000000000001e-01
   1.0250000000000001e-01   1.0250000000000001e-01   1.0250000000000001e-01
   1.5500075773530408e-01   1.0250000000000001e-01   1.0250000000000001e-01
   1.9085253497901974e-01   1.0250000000000001e-01   1.0250000000000001e-01
   1.4147465020980271e-02   1.5500075773530408e-01   1.0250000000000001e-01
   4.9999242264695917e-02   1.5500075773530408e-01   1.0250000000000001e-01
   1.0250000000000001e-01   1.5500075773530408e-01   1.0250000000000001e-01
   1.5500075773530408e-01   1.5500075773530408e-01   1.0250000000000001e-01
   1.9085253497901974e-01   1.5500075773530408e-01   1.0250000000000001e-01
   1.4147465020980271e-02   1.9085253497901974e-01   1.0250000000000001e-01
   4.9999242264695917e-02   1.9085253497901974e-01   1.0250000000000001e-01
   1.0250000000000001e-01   1.9085253497901974e-01   1.0250000000000001e-01
   1.5500075773530408e-01   1.9085253497901974e-01   1.0250000000000001e-01
   1.9085253497901974e-01   1.9085253497901974e-01   1.0250000000000001e-01
   1.4147465020980271e-02   1.4147465020980271e-02   1.5500075773530408e-01
   4.9999242264695917e-02   1.4147465020980271e-02   1.5500075773530408e-01
   1.0250000000000001e-01   1.4147465020980271e-02   1.5500075773530408e-01
   1.5500075773530408e-01   1.4147465020980271e-02   1.5500075773530408e-01
   1.9085253497901974e-01   1.4147465020980271e-02   1.5500075773530408e-01
   1.4147465020980271e-02   4.9999242264695917e-02   1.5500075773530408e-01
   4.9999242264695917e-02   4.9999242264695917e-02   1.5500075773530408e-01
   1.0250000000000001e-01   4.9999242264695917e-02   1.5500075773530408e-01
   1.5500075773530408e-01   4.9999242264695917e-02   1.5500075773530408e-01
   1.9085253497901974e-01   4.9999242264695917e-02   1.5500075773530408e-01
   1.4147465020980271e-02   1.0250000000000001e-01   1.5500075773530408e-01
   4.9999242264695917e-02   1.0250000000000001e-01   1.5500075773530408e-01
   1.0250000000000001e-01   1.0250000000000001e-01   1.5500075773530408e-01
   1.5500075773530408e-01   1.0250000000000001e-01   1.5500075773530408e-01
   1.9085253497901974e-01   1.0250000000000001e-01   1.5500075773530408e-01
   1.4147465020980271e-02   1.5500075773530408e-01   1.5500075773530408e-01
   4.9999242264695917e-02   1.5500075773530408e-01   1.5500075773530408e-01
   1.0250000000000001e-01   1.5500075773530408e-01   1.5500075773530408e-01
   1.5500075773530408e-01   1.5500075773530408e-01   1.5500075773530408e-01
   1.9085253497901974e-01   1.5500075773530408e-01   1.5500075773530408e-01
   1.4147465020980271e-02   1.9085253497901974e-01   1.5500075773530408e-01
   4.9999242264695917e-02   1.9085253497901974e-01   1.5500075773530408e-01
   1.0250000000000001e-01   1.9085253497901974e-01   1.5500075773530408e-01
   1.5500075773530408e-01   1.9085253497901974e-01   1.5500075773530408e-01
   1.9085253497901974e-01   1.9085253497901974e-01   1.5500075773530408e-01
   1.4147465020980271e-02   1.4147465020980271e-02   1.9085253497901974e-01
   4.9999242264695917e-02   1.4147465020980271e-02   1.9085253497901974e-01
   1.0250000000000001e-01   1.4147465020980271e-02   1.9085253497901974e-01
   1.5500075773530408e-01   1.4147465020980271e-02   1.9085253497901974e-01
   1.9085253497901974e-01   1.4147465020980271e-02   1.9085253497901974e-01
   1.4147465020980271e-02   4.9999242264695917e-02   1.9085253497901974e-01
   4.9999242264695917e-02   4.9999242264695917e-02   1.9085253497901974e-01
   1.0250000000000001e-01   4.9999242264695917e-02   1.9085253497901974e-01
   1.5500075773530408e-01   4.9999242264695917e-02   1.9085253497901974e-01
   1.9085253497901974e-01   4.9999242264695917e-02   1.9085253497901974e-01
   1.4147465020980271e-02   1.0250000000000001e-01   1.9085253497901974e-01
   4.9999242264695917e-02   1.0250000000000001e-01   1.9085253497901974e-01
   1.0250000000000001e-01   1.0250000000000001e-01   1.9085253497901974e-01
   1.5500075773530408e-01   1.0250000000000001e-01   1.9085253497901974e-01
   1.9085253497901974e-01   1.0250000000000001e-01   1.9085253497901974e-01
   1.4147465020980271e-02   1.5500075773530408e-01   1.9085253497901974e-01
   4.9999242264695917e-02   1.5500075773530408e-01   1.9085253497901974e-01
   1.0250000000000001e-01   1.5500075773530408e-01   1.9085253497901974e-01
   1.5500075773530408e-01   1.5500075773530408e-01   1.9085253497901974e-01
   1.9085253497901974e-01   1.5500075773530408e-01   1.9085253497901974e-01
   1.4147465020980271e-02   1.9085253497901974e-01   1.9085253497901974e-01
   4.9999242264695917e-02   1.9085253497901974e-01   1.9085253497901974e-01
   1.0250000000000001e-01   1.9085253497901974e-01   1.9085253497901974e-01
   1.5500075773530408e-01   1.9085253497901974e-01   1.9085253497901974e-01
   1.9085253497901974e-01   1.9085253497901974e-01   1.9085253497901974e-01
