+1.025000000000E-01    +1.025000000000E-01    +1.025000000000E-01
+1.025000000000E-01    +1.025000000000E-01    +1.780231752510E-01
+1.025000000000E-01    +1.025000000000E-01    +2.697682474896E-02
+1.025000000000E-01    +1.780231752510E-01    +1.025000000000E-01
+1.025000000000E-01    +2.697682474896E-02    +1.025000000000E-01
+1.780231752510E-01    +1.025000000000E-01    +1.025000000000E-01
+2.697682474896E-02    +1.025000000000E-01    +1.025000000000E-01
+1.025000000000E-01    +1.780231752510E-01    +1.780231752510E-01
+1.025000000000E-01    +1.780231752510E-01    +2.697682474896E-02
+1.025000000000E-01    +2.697682474896E-02    +1.780231752510E-01
+1.025000000000E-01    +2.697682474896E-02    +2.697682474896E-02
+1.780231752510E-01    +1.025000000000E-01    +1.780231752510E-01
+1.780231752510E-01    +1.025000000000E-01    +2.697682474896E-02
+2.697682474896E-02    +1.025000000000E-01    +1.780231752510E-01
+2.697682474896E-02    +1.025000000000E-01    +2.697682474896E-02
+1.780231752510E-01    +1.780231752510E-01    +1.025000000000E-01
+1.780231752510E-01    +2.697682474896E-02    +1.025000000000E-01
+2.697682474896E-02    +1.780231752510E-01    +1.025000000000E-01
+2.697682474896E-02    +2.697682474896E-02    +1.025000000000E-01
+1.025000000000E-01    +1.025000000000E-01    +1.448387655613E-01
+1.025000000000E-01    +1.025000000000E-01    +6.016123443869E-02
+1.025000000000E-01    +1.025000000000E-01    +1.961478986990E-01
+1.025000000000E-01    +1.025000000000E-01    +8.852101300968E-03
+1.025000000000E-01    +1.448387655613E-01    +1.025000000000E-01
+1.025000000000E-01    +6.016123443869E-02    +1.025000000000E-01
+1.025000000000E-01    +1.961478986990E-01    +1.025000000000E-01
+1.025000000000E-01    +8.852101300968E-03    +1.025000000000E-01
+1.780231752510E-01    +1.780231752510E-01    +1.780231752510E-01
+1.780231752510E-01    +1.780231752510E-01    +2.697682474896E-02
+1.780231752510E-01    +2.697682474896E-02    +1.780231752510E-01
+1.780231752510E-01    +2.697682474896E-02    +2.697682474896E-02
+2.697682474896E-02    +1.780231752510E-01    +1.780231752510E-01
+2.697682474896E-02    +1.780231752510E-01    +2.697682474896E-02
+2.697682474896E-02    +2.697682474896E-02    +1.780231752510E-01
+2.697682474896E-02    +2.697682474896E-02    +2.697682474896E-02
+1.448387655613E-01    +1.025000000000E-01    +1.025000000000E-01
+6.016123443869E-02    +1.025000000000E-01    +1.025000000000E-01
+1.961478986990E-01    +1.025000000000E-01    +1.025000000000E-01
+8.852101300968E-03    +1.025000000000E-01    +1.025000000000E-01
+1.025000000000E-01    +1.780231752510E-01    +1.448387655613E-01
+1.025000000000E-01    +1.780231752510E-01    +6.016123443869E-02
+1.025000000000E-01    +2.697682474896E-02    +1.448387655613E-01
+1.025000000000E-01    +2.697682474896E-02    +6.016123443869E-02
+1.025000000000E-01    +1.780231752510E-01    +1.961478986990E-01
+1.025000000000E-01    +1.780231752510E-01    +8.852101300968E-03
+1.025000000000E-01    +2.697682474896E-02    +1.961478986990E-01
+1.025000000000E-01    +2.697682474896E-02    +8.852101300968E-03
+1.025000000000E-01    +1.448387655613E-01    +1.780231752510E-01
+1.025000000000E-01    +1.448387655613E-01    +2.697682474896E-02
+1.025000000000E-01    +6.016123443869E-02    +1.780231752510E-01
+1.025000000000E-01    +6.016123443869E-02    +2.697682474896E-02
+1.025000000000E-01    +1.961478986990E-01    +1.780231752510E-01
+1.025000000000E-01    +1.961478986990E-01    +2.697682474896E-02
+1.025000000000E-01    +8.852101300968E-03    +1.780231752510E-01
+1.025000000000E-01    +8.852101300968E-03    +2.697682474896E-02
+1.780231752510E-01    +1.025000000000E-01    +1.448387655613E-01
+1.780231752510E-01    +1.025000000000E-01    +6.016123443869E-02
+2.697682474896E-02    +1.025000000000E-01    +1.448387655613E-01
+2.697682474896E-02    +1.025000000000E-01    +6.016123443869E-02
+1.780231752510E-01    +1.025000000000E-01    +1.961478986990E-01
+1.780231752510E-01    +1.025000000000E-01    +8.852101300968E-03
+2.697682474896E-02    +1.025000000000E-01    +1.961478986990E-01
+2.697682474896E-02    +1.025000000000E-01    +8.852101300968E-03
+1.780231752510E-01    +1.448387655613E-01    +1.025000000000E-01
+1.780231752510E-01    +6.016123443869E-02    +1.025000000000E-01
+2.697682474896E-02    +1.448387655613E-01    +1.025000000000E-01
+2.697682474896E-02    +6.016123443869E-02    +1.025000000000E-01
+1.780231752510E-01    +1.961478986990E-01    +1.025000000000E-01
+1.780231752510E-01    +8.852101300968E-03    +1.025000000000E-01
+2.697682474896E-02    +1.961478986990E-01    +1.025000000000E-01
+2.697682474896E-02    +8.852101300968E-03    +1.025000000000E-01
+1.448387655613E-01    +1.025000000000E-01    +1.780231752510E-01
+1.448387655613E-01    +1.025000000000E-01    +2.697682474896E-02
+6.016123443869E-02    +1.025000000000E-01    +1.780231752510E-01
+6.016123443869E-02    +1.025000000000E-01    +2.697682474896E-02
+1.961478986990E-01    +1.025000000000E-01    +1.780231752510E-01
+1.961478986990E-01    +1.025000000000E-01    +2.697682474896E-02
+8.852101300968E-03    +1.025000000000E-01    +1.780231752510E-01
+8.852101300968E-03    +1.025000000000E-01    +2.697682474896E-02
+1.448387655613E-01    +1.780231752510E-01    +1.025000000000E-01
+1.448387655613E-01    +2.697682474896E-02    +1.025000000000E-01
+6.016123443869E-02    +1.780231752510E-01    +1.025000000000E-01
+6.016123443869E-02    +2.697682474896E-02    +1.025000000000E-01
+1.961478986990E-01    +1.780231752510E-01    +1.025000000000E-01
+1.961478986990E-01    +2.697682474896E-02    +1.025000000000E-01
+8.852101300968E-03    +1.780231752510E-01    +1.025000000000E-01
+8.852101300968E-03    +2.697682474896E-02    +1.025000000000E-01
+1.780231752510E-01    +1.780231752510E-01    +1.448387655613E-01
+1.780231752510E-01    +1.780231752510E-01    +6.016123443869E-02
+1.780231752510E-01    +2.697682474896E-02    +1.448387655613E-01
+1.780231752510E-01    +2.697682474896E-02    +6.016123443869E-02
+2.697682474896E-02    +1.780231752510E-01    +1.448387655613E-01
+2.697682474896E-02    +1.780231752510E-01    +6.016123443869E-02
+2.697682474896E-02    +2.697682474896E-02    +1.448387655613E-01
+2.697682474896E-02    +2.697682474896E-02    +6.016123443869E-02
+1.780231752510E-01    +1.780231752510E-01    +1.961478986990E-01
+1.780231752510E-01    +1.780231752510E-01    +8.852101300968E-03
+1.780231752510E-01    +2.697682474896E-02    +1.961478986990E-01
+1.780231752510E-01    +2.697682474896E-02    +8.852101300968E-03
+2.697682474896E-02    +1.780231752510E-01    +1.961478986990E-01
+2.697682474896E-02    +1.780231752510E-01    +8.852101300968E-03
+2.697682474896E-02    +2.697682474896E-02    +1.961478986990E-01
+2.697682474896E-02    +2.697682474896E-02    +8.852101300968E-03
+1.780231752510E-01    +1.448387655613E-01    +1.780231752510E-01
+1.780231752510E-01    +1.448387655613E-01    +2.697682474896E-02
+1.780231752510E-01    +6.016123443869E-02    +1.780231752510E-01
+1.780231752510E-01    +6.016123443869E-02    +2.697682474896E-02
+2.697682474896E-02    +1.448387655613E-01    +1.780231752510E-01
+2.697682474896E-02    +1.448387655613E-01    +2.697682474896E-02
+2.697682474896E-02    +6.016123443869E-02    +1.780231752510E-01
+2.697682474896E-02    +6.016123443869E-02    +2.697682474896E-02
+1.780231752510E-01    +1.961478986990E-01    +1.780231752510E-01
+1.780231752510E-01    +1.961478986990E-01    +2.697682474896E-02
+1.780231752510E-01    +8.852101300968E-03    +1.780231752510E-01
+1.780231752510E-01    +8.852101300968E-03    +2.697682474896E-02
+2.697682474896E-02    +1.961478986990E-01    +1.780231752510E-01
+2.697682474896E-02    +1.961478986990E-01    +2.697682474896E-02
+2.697682474896E-02    +8.852101300968E-03    +1.780231752510E-01
+2.697682474896E-02    +8.852101300968E-03    +2.697682474896E-02
+1.448387655613E-01    +1.780231752510E-01    +1.780231752510E-01
+1.448387655613E-01    +1.780231752510E-01    +2.697682474896E-02
+1.448387655613E-01    +2.697682474896E-02    +1.780231752510E-01
+1.448387655613E-01    +2.697682474896E-02    +2.697682474896E-02
+6.016123443869E-02    +1.780231752510E-01    +1.780231752510E-01
+6.016123443869E-02    +1.780231752510E-01    +2.697682474896E-02
+6.016123443869E-02    +2.697682474896E-02    +1.780231752510E-01
+6.016123443869E-02    +2.697682474896E-02    +2.697682474896E-02
+1.961478986990E-01    +1.780231752510E-01    +1.780231752510E-01
+1.961478986990E-01    +1.780231752510E-01    +2.697682474896E-02
+1.961478986990E-01    +2.697682474896E-02    +1.780231752510E-01
+1.961478986990E-01    +2.697682474896E-02    +2.697682474896E-02
+8.852101300968E-03    +1.780231752510E-01    +1.780231752510E-01
+8.852101300968E-03    +1.780231752510E-01    +2.697682474896E-02
+8.852101300968E-03    +2.697682474896E-02    +1.780231752510E-01
+8.852101300968E-03    +2.697682474896E-02    +2.697682474896E-02
