+1.224279835391E+01 +2.903292181070E+01 +1.812757201646E+01 +2.355967078189E+01 +9.855967078189E+00 +2.207818930041E+01 
+2.100823045267E+01 +1.022633744856E+01 +2.572016460905E+00 +1.574074074074E+01 +2.141975308642E+01 +6.234567901235E+00 
+6.790123456790E-01 +6.440329218107E+00 +1.816872427984E+01 +2.487654320988E+01 +1.730452674897E+01 +9.074074074074E+00 
+2.448559670782E+00 +1.790123456790E+00 +2.104938271605E+01 +4.341563786008E+00 +1.851851851852E-01 +1.228395061728E+01 
+1.417695473251E+01 +3.888888888889E+00 +6.851851851852E+00 +8.847736625514E-01 +6.790123456790E-01 +2.722222222222E+01 
+2.195473251029E+01 +2.263374485597E-01 +2.388888888889E+01 +1.125514403292E+01 +4.341563786008E+00 +1.372427983539E+01 
+1.913580246914E+00 +2.397119341564E+01 +3.600823045267E+00 +5.946502057613E+00 +2.944444444444E+01 +2.450617283951E+01 
+7.181069958848E+00 +1.286008230453E+01 +1.220164609053E+01 +2.516460905350E+01 +1.627572016461E+01 +1.825102880658E+01 
+7.201646090535E-01 +1.002057613169E+01 +6.893004115226E+00 +2.141975308642E+01 +2.224279835391E+01 +2.697530864198E+01 
+6.193415637860E+00 +2.606995884774E+01 +1.508230452675E+01 +1.154320987654E+01 +1.993827160494E+01 +1.072016460905E+01 
+1.117283950617E+01 +2.327160493827E+01 +8.703703703704E+00 +7.469135802469E+00 +1.845679012346E+01 +1.915637860082E+01 
+2.664609053498E+01 +1.903292181070E+01 +2.820987654321E+01 +2.899176954733E+01 +4.506172839506E+00 +3.230452674897E+00 
+9.670781893004E-01 +2.454732510288E+01 +2.504115226337E+01 +2.903292181070E+01 +1.705761316872E+01 +1.034979423868E+01 
+2.613168724280E+00 +2.693415637860E+01 +8.580246913580E+00 +1.195473251029E+01 +1.010288065844E+01 +1.903292181070E+01 
+4.259259259259E+00 +2.866255144033E+01 +8.847736625514E-01 +2.201646090535E+00 +2.236625514403E+01 +3.106995884774E+00 
+1.405349794239E+01 +1.849794238683E+01 +9.485596707819E+00 +7.613168724280E-01 +1.318930041152E+01 +7.839506172840E+00 
+2.901234567901E+00 +1.858024691358E+01 +1.146090534979E+01 +1.244855967078E+01 +8.436213991770E-01 +1.788065843621E+01 
+2.899176954733E+01 +2.269547325103E+01 +1.183127572016E+01 +2.932098765432E+01 +2.325102880658E+00 +2.034979423868E+01 
+9.485596707819E+00 +9.526748971193E+00 +8.251028806584E+00 +8.374485596708E+00 +6.069958847737E+00 +1.627572016461E+01 
+2.751028806584E+01 +7.962962962963E+00 +3.765432098765E+00 +2.343621399177E+01 +2.380658436214E+01 +1.738683127572E+01 
+5.144032921811E-01 +1.584362139918E+00 +2.018518518519E+01 +2.777777777778E+00 +1.783950617284E+01 +1.434156378601E+01 
+2.277777777778E+01 +2.207818930041E+01 +1.022633744856E+01 +1.104938271605E+01 +7.345679012346E+00 +1.874485596708E+01 
+2.323045267490E+01 +1.454732510288E+01 +1.788065843621E+01 +3.148148148148E+00 +2.253086419753E+01 +1.150205761317E+01 
+2.067901234568E+01 +1.578189300412E+01 +9.238683127572E+00 +4.711934156379E+00 +2.277777777778E+01 +7.551440329218E+00 
+2.026748971193E+01 +2.598765432099E+01 +8.744855967078E+00 +1.211934156379E+01 +1.672839506173E+01 +1.323045267490E+01 
+8.744855967078E+00 +1.380658436214E+01 +3.086419753086E-01 +4.382716049383E+00 +2.438271604938E+01 +5.658436213992E+00 
+2.524691358025E+01 +1.631687242798E+01 +1.557613168724E+01 +1.137860082305E+01 +1.425925925926E+01 +9.238683127572E+00 
+9.197530864198E+00 +2.022633744856E+01 +1.899176954733E+01 +2.654320987654E+00 +1.286008230453E+01 +1.755144032922E+01 
+1.557613168724E+01 +1.862139917695E+01 +2.030864197531E+01 +1.586419753086E+01 +2.553497942387E+01 +1.845679012346E+01 
+2.325102880658E+00 +2.360082304527E+01 +1.376543209877E+01 +1.886831275720E+01 +8.004115226337E+00 +2.788065843621E+01 
+2.335390946502E+01 +1.965020576132E+01 +4.753086419753E+00 +2.561728395062E+01 +2.339506172840E+01 +1.014403292181E+01 
+1.718106995885E+01 +2.623456790123E+01 +7.592592592593E+00 +1.281893004115E+01 +1.413580246914E+01 +1.393004115226E+01 
+2.351851851852E+01 +3.312757201646E+00 +1.419753086420E+00 +2.442386831276E+01 +8.251028806584E+00 +2.578189300412E+01 
+1.812757201646E+01 +2.160493827160E+00 +2.434156378601E+01 +2.927983539095E+01 +2.771604938272E+01 +1.853909465021E+01 
+1.666666666667E+00 +6.769547325103E+00 +1.203703703704E+01 +2.676954732510E+01 +1.545267489712E+01 +2.006172839506E+01 
+2.376543209877E+01 +2.458847736626E+01 +2.722222222222E+01 +9.773662551440E+00 +5.493827160494E+00 +1.681069958848E+01 
+1.072016460905E+01 +2.462962962963E+01 +3.436213991770E+00 +4.423868312757E+00 +7.386831275720E+00 +2.689300411523E+01 
+2.660493827160E+01 +9.650205761317E+00 +2.047325102881E+01 +1.707818930041E+00 +1.619341563786E+01 +6.028806584362E+00 
+2.981481481481E+01 +2.121399176955E+01 +2.471193415638E+01 +2.983539094650E+00 +1.339506172840E+01 +2.442386831276E+01 
+2.763374485597E+01 +1.491769547325E+01 +6.687242798354E+00 +1.368312757202E+01 +1.360082304527E+01 +2.347736625514E+01 
+2.561728395062E+01 +3.683127572016E+00 +2.483539094650E+01 +2.302469135802E+01 +2.170781893004E+01 +2.072016460905E+01 
+9.609053497942E+00 +1.783950617284E+01 +2.314814814815E+01 +1.792181069959E+01 +5.246913580247E+00 +1.954732510288E+00 
+4.794238683128E+00 +9.074074074074E+00 +1.944444444444E+01 +5.905349794239E+00 +2.261316872428E+01 +2.672839506173E+01 
+1.672839506173E+01 +2.738683127572E+01 +1.574074074074E+01 +2.582304526749E+01 +1.742798353909E+01 +6.440329218107E+00 
+2.207818930041E+01 +1.623456790123E+01 +1.172839506173E+00 +2.430041152263E+01 +2.989711934156E+01 +1.508230452675E+01 
+2.368312757202E+01 +1.397119341564E+01 +8.950617283951E+00 +2.901234567901E+00 +6.522633744856E+00 +1.639917695473E+01 
+2.248971193416E+01 +2.590534979424E+01 +2.783950617284E+01 +2.738683127572E+01 +9.156378600823E+00 +9.732510288066E+00 
+7.921810699588E+00 +2.759259259259E+01 +1.872427983539E+00 +7.181069958848E+00 +2.290123456790E+01 +2.833333333333E+01 
+1.347736625514E+01 +1.985596707819E+01 +5.370370370370E+00 +1.919753086420E+01 +4.259259259259E+00 +1.475308641975E+01 
+1.903292181070E+01 +2.631687242798E+01 +1.150205761317E+01 +2.578189300412E+01 +1.543209876543E+00 +2.335390946502E+01 
+9.773662551440E+00 +1.179012345679E+01 +2.360082304527E+01 +1.339506172840E+01 +8.662551440329E+00 +1.676954732510E+01 
+1.199588477366E+01 +2.615226337449E+01 +1.751028806584E+01 +6.687242798354E+00 +2.508230452675E+01 +9.279835390947E+00 
+7.304526748971E+00 +5.699588477366E+00 +6.316872427984E+00 +2.697530864198E+01 +2.479423868313E+01 +4.547325102881E+00 
+3.395061728395E+00 +2.166666666667E+01 +2.841563786008E+01 +7.633744855967E+00 +2.199588477366E+01 +2.483539094650E+01 
+1.150205761317E+01 +2.401234567901E+01 +4.423868312757E+00 +1.582304526749E+01 +2.545267489712E+01 +1.195473251029E+01 
+1.841563786008E+01 +1.442386831276E+01 +1.343621399177E+01 +8.209876543210E+00 +2.903292181070E+01 +1.191358024691E+01 
+6.646090534979E+00 +5.617283950617E+00 +1.831275720165E+00 +1.298353909465E+01 +2.283950617284E+00 +1.965020576132E+01 
+2.314814814815E+01 +2.545267489712E+01 +1.569958847737E+01 +5.534979423868E+00 +9.238683127572E+00 +2.565843621399E+01 
+3.909465020576E-01 +8.662551440329E+00 +1.652263374486E+01 +5.699588477366E+00 +2.150205761317E+01 +1.213991769547E+00 
+5.000000000000E+00 +8.209876543210E+00 +3.930041152263E+00 +2.425925925926E+01 +1.792181069959E+01 +2.631687242798E+01 
+6.358024691358E+00 +1.055555555556E+01 +8.004115226337E+00 +9.115226337449E+00 +2.858024691358E+01 +1.952674897119E+01 
+1.985596707819E+01 +1.989711934156E+01 +5.082304526749E+00 +2.549382716049E+01 +1.995884773663E+00 +1.973251028807E+01 
+2.860082304527E+00 +2.080246913580E+01 +1.890946502058E+01 +1.109053497942E+01 +1.417695473251E+01 +2.837448559671E+01 
+1.977366255144E+01 +3.271604938272E+00 +6.193415637860E+00 +1.713991769547E+01 +2.273662551440E+01 +2.520576131687E+01 
+5.905349794239E+00 +2.199588477366E+01 +8.209876543210E+00 +6.358024691358E+00 +2.286008230453E+01 +2.709876543210E+01 
+2.242798353909E+00 +1.072016460905E+01 +5.699588477366E+00 +2.067901234568E+01 +1.748971193416E+00 +8.991769547325E+00 
+1.228395061728E+01 +1.405349794239E+01 +9.938271604938E+00 +5.288065843621E+00 +1.450617283951E+01 +7.798353909465E+00 
+6.934156378601E+00 +2.405349794239E+01 +7.880658436214E+00 +2.263374485597E-01 +2.006172839506E+01 +1.002057613169E+01 
+2.462962962963E+01 +1.948559670782E+01 +4.794238683128E+00 +2.121399176955E+01 +1.191358024691E+01 +1.944444444444E+01 
+3.847736625514E+00 +1.154320987654E+01 +2.886831275720E+01 +2.154320987654E+01 +2.078189300412E+00 +4.259259259259E+00 
+1.907407407407E+01 +1.748971193416E+00 +7.427983539095E+00 +8.703703703704E+00 +1.076131687243E+01 +1.084362139918E+01 
+7.016460905350E+00 +2.837448559671E+01 +1.294238683128E+01 +2.351851851852E+01 +6.728395061728E+00 +8.127572016461E+00 
+2.985596707819E+01 +2.899176954733E+01 +6.522633744856E+00 +3.497942386831E-01 +1.166666666667E+01 +2.257201646091E+01 
+2.125514403292E+01 +1.808641975309E+01 +2.767489711934E+01 +1.913580246914E+00 +2.364197530864E+01 +5.041152263374E+00 
+2.882716049383E+01 +2.870370370370E+01 +2.425925925926E+01 +8.827160493827E+00 +4.300411522634E+00 +6.111111111111E+00 
+2.154320987654E+01 +4.053497942387E+00 +1.586419753086E+01 +1.388888888889E+01 +2.672839506173E+01 +1.376543209877E+01 
+1.652263374486E+01 +6.975308641975E+00 +2.619341563786E+01 +2.606995884774E+01 +2.166666666667E+01 +1.384773662551E+01 
+2.738683127572E+01 +1.627572016461E+01 +1.940329218107E+01 +4.300411522634E+00 +2.993827160494E+01 +2.956790123457E+01 
+7.222222222222E+00 +2.355967078189E+01 +1.393004115226E+01 +2.631687242798E+01 +1.804526748971E+01 +7.057613168724E+00 
+2.565843621399E+01 +1.253086419753E+01 +6.069958847737E+00 +7.798353909465E+00 +6.399176954733E+00 +7.962962962963E+00 
+2.983539094650E+00 +7.139917695473E+00 +3.559670781893E+00 +1.965020576132E+01 +1.668724279835E+01 +1.779835390947E+01 
+2.693415637860E+01 +2.969135802469E+01 +6.975308641975E+00 +2.956790123457E+01 +2.648148148148E+01 +1.882716049383E+01 
+1.849794238683E+01 +1.337448559671E+00 +1.113168724280E+01 +7.201646090535E-01 +1.913580246914E+00 +4.341563786008E+00 
+1.543209876543E+00 +1.010288065844E+01 +1.372427983539E+01 +6.399176954733E+00 +7.304526748971E+00 +2.549382716049E+01 
+7.839506172840E+00 +1.973251028807E+01 +2.364197530864E+01 +1.076131687243E+01 +8.456790123457E+00 +2.942386831276E+00 
+8.847736625514E-01 +2.413580246914E+01 +1.100823045267E+01 +2.866255144033E+01 +1.438271604938E+01 +1.625514403292E+00 
+1.495884773663E+01 +2.446502057613E+01 +2.693415637860E+01 +1.343621399177E+01 +1.969135802469E+01 +1.734567901235E+01 
+1.829218106996E+01 +1.800411522634E+01 +1.738683127572E+01 +2.849794238683E+01 +2.158436213992E+01 +1.631687242798E+01 
+1.203703703704E+01 +7.222222222222E+00 +1.561728395062E+01 +2.965020576132E+01 +2.201646090535E+00 +1.425925925926E+01 
+1.137860082305E+01 +9.259259259259E-01 +1.504115226337E+01 +1.141975308642E+01 +6.172839506173E-02 +1.133744855967E+01 
+5.205761316872E+00 +5.205761316872E+00 +1.010288065844E+01 +1.578189300412E+01 +1.648148148148E+01 +5.987654320988E+00 
+2.709876543210E+01 +1.166666666667E+01 +8.415637860082E+00 +2.450617283951E+01 +2.323045267490E+01 +1.504115226337E+01 
+1.323045267490E+01 +1.543209876543E+00 +1.623456790123E+01 +2.530864197531E+00 +1.109053497942E+01 +2.504115226337E+01 
+2.779835390947E+01 +2.096707818930E+01 +2.923868312757E+01 +2.689300411523E+01 +2.039094650206E+01 +1.502057613169E+00 
+2.306584362140E+01 +1.660493827160E+01 +1.421810699588E+01 +2.002057613169E+01 +2.736625514403E+00 +1.707818930041E+00 
+1.063786008230E+01 +2.277777777778E+01 +2.726337448560E+01 +1.512345679012E+01 +2.767489711934E+01 +2.162551440329E+01 
+1.022633744856E+01 +2.849794238683E+01 +2.191358024691E+01 +2.746913580247E+01 +2.742798353909E+01 +4.506172839506E+00 
+2.923868312757E+01 +8.168724279835E+00 +2.002057613169E+01 +2.660493827160E+01 +4.135802469136E+00 +2.475308641975E+01 
+6.399176954733E+00 +1.401234567901E+01 +2.240740740741E+01 +2.078189300412E+00 +1.693415637860E+01 +1.816872427984E+01 
+1.335390946502E+01 +1.995884773663E+00 +1.734567901235E+01 +2.541152263374E+01 +2.820987654321E+01 +5.946502057613E+00 
+2.956790123457E+01 +3.930041152263E+00 +8.786008230453E+00 +2.162551440329E+01 +7.716049382716E+00 +6.069958847737E+00 
+2.800411522634E+01 +2.923868312757E+01 +2.327160493827E+01 +2.166666666667E+01 +2.594650205761E+01 +1.977366255144E+01 
+1.858024691358E+01 +2.203703703704E+01 +2.343621399177E+01 +1.014403292181E+01 +1.549382716049E+01 +9.444444444444E+00 
+2.878600823045E+01 +2.109053497942E+01 +1.430041152263E+01 +7.716049382716E+00 +2.216049382716E+01 +1.179012345679E+01 
+1.125514403292E+01 +2.960905349794E+01 +5.534979423868E+00 +1.516460905350E+01 +2.796296296296E+01 +1.253086419753E+01 
+1.364197530864E+01 +2.104938271605E+01 +1.255144032922E+00 +2.325102880658E+00 +9.403292181070E+00 +1.594650205761E+01 
+9.814814814815E+00 +3.765432098765E+00 +2.574074074074E+01 +1.191358024691E+01 +8.786008230453E+00 +1.121399176955E+01 
+2.512345679012E+01 +2.927983539095E+01 +1.018518518519E+01 +1.718106995885E+01 +5.164609053498E+00 +2.989711934156E+01 
+2.236625514403E+01 +7.839506172840E+00 +2.681069958848E+01 +2.713991769547E+01 +9.362139917695E+00 +2.039094650206E+01 
+2.261316872428E+01 +1.244855967078E+01 +1.014403292181E+01 +1.491769547325E+01 +6.316872427984E+00 +3.518518518519E+00 
+2.339506172840E+01 +1.722222222222E+01 +1.273662551440E+01 +9.979423868313E+00 +1.837448559671E+01 +1.746913580247E+01 
+5.041152263374E+00 +2.018518518519E+01 +5.823045267490E+00 +1.162551440329E+01 +2.574074074074E+01 +3.189300411523E+00 
+2.742798353909E+01 +1.944444444444E+01 +2.709876543210E+01 +2.674897119342E-01 +1.755144032922E+01 +2.092592592593E+01 
+2.006172839506E+01 +2.393004115226E+01 +1.707818930041E+00 +1.277777777778E+01 +6.810699588477E+00 +1.648148148148E+01 
+2.858024691358E+01 +1.113168724280E+01 +2.860082304527E+00 +1.742798353909E+01 +2.265432098765E+01 +2.777777777778E+00 
+2.290123456790E+01 +8.539094650206E+00 +1.726337448560E+01 +7.222222222222E+00 +5.946502057613E+00 +1.553497942387E+01 
+1.401234567901E+01 +3.148148148148E+00 +1.907407407407E+01 +2.936213991770E+01 +1.746913580247E+01 +5.452674897119E+00 
+1.565843621399E+01 +7.098765432099E+00 +2.586419753086E+01 +2.804526748971E+01 +1.454732510288E+01 +2.026748971193E+01 
+1.172839506173E+00 +1.666666666667E+00 +2.162551440329E+01 +1.405349794239E+01 +1.026748971193E+01 +1.985596707819E+01 
+2.674897119342E-01 +2.775720164609E+01 +1.932098765432E+01 +1.851851851852E-01 +1.936213991770E+01 +7.139917695473E+00 
+4.053497942387E+00 +1.475308641975E+01 +2.878600823045E+01 +1.878600823045E+01 +2.187242798354E+01 +9.609053497942E+00 
+2.187242798354E+01 +2.372427983539E+01 +2.067901234568E+01 +8.045267489712E+00 +2.528806584362E+01 +2.063786008230E+01 
+2.755144032922E+01 +2.860082304527E+00 +2.146090534979E+01 +2.417695473251E+01 +9.938271604938E+00 +1.008230452675E+00 
+7.613168724280E-01 +1.199588477366E+01 +1.244855967078E+01 +1.837448559671E+01 +4.176954732510E+00 +2.104938271605E+01 
+2.220164609053E+01 +1.866255144033E+01 +2.298353909465E+01 +2.397119341564E+01 +2.602880658436E+01 +1.018518518519E+01 
+1.133744855967E+01 +5.987654320988E+00 +1.644032921811E+01 +1.460905349794E+00 +4.629629629630E+00 +2.121399176955E+01 
+1.730452674897E+01 +8.827160493827E+00 +4.670781893004E+00 +2.685185185185E+01 +6.193415637860E+00 +3.888888888889E+00 
+2.179012345679E+01 +9.115226337449E+00 +2.323045267490E+01 +5.205761316872E+00 +1.172839506173E+00 +2.137860082305E+01 
+2.051440329218E+01 +1.851851851852E-01 +1.405349794239E+01 +1.084362139918E+01 +1.471193415638E+01 +1.039094650206E+01 
+1.796296296296E+01 +9.279835390947E+00 +2.335390946502E+01 +1.088477366255E+01 +8.991769547325E+00 +2.664609053498E+01 
+5.534979423868E+00 +1.460905349794E+00 +3.888888888889E+00 +1.936213991770E+01 +1.927983539095E+01 +9.403292181070E+00 
+1.738683127572E+01 +2.537037037037E+01 +6.646090534979E+00 +7.263374485597E+00 +1.388888888889E+01 +7.098765432099E+00 
+1.911522633745E+01 +1.323045267490E+01 +4.135802469136E+00 +3.600823045267E+00 +2.660493827160E+01 +2.080246913580E+01 
+1.343621399177E+01 +8.580246913580E+00 +2.738683127572E+01 +2.187242798354E+01 +1.779835390947E+01 +2.738683127572E+01 
+9.074074074074E+00 +2.668724279835E+01 +2.076131687243E+01 +2.191358024691E+01 +2.388888888889E+01 +2.059670781893E+01 
+1.845679012346E+01 +7.510288065844E+00 +8.045267489712E+00 +1.866255144033E+01 +7.016460905350E+00 +8.539094650206E+00 
+9.032921810700E+00 +9.238683127572E+00 +1.763374485597E+01 +2.870370370370E+01 +1.960905349794E+01 +2.611111111111E+01 
+1.788065843621E+01 +7.263374485597E+00 +2.137860082305E+01 +2.471193415638E+01 +2.541152263374E+01 +1.796296296296E+01 
+1.759259259259E+01 +5.658436213992E+00 +1.397119341564E+01 +1.940329218107E+01 +3.148148148148E+00 +1.582304526749E+01 
+2.183127572016E+01 +9.609053497942E+00 +4.629629629630E+00 +2.100823045267E+01 +2.862139917695E+01 +2.430041152263E+01 
+2.775720164609E+01 +2.820987654321E+01 +2.565843621399E+01 +1.092592592593E+01 +5.699588477366E+00 +3.847736625514E+00 
+2.286008230453E+01 +2.644032921811E+01 +2.705761316872E+01 +1.639917695473E+01 +2.257201646091E+01 +4.135802469136E+00 
+9.362139917695E+00 +2.504115226337E+01 +2.742798353909E+01 +2.652263374486E+01 +5.000000000000E+00 +9.526748971193E+00 
+3.765432098765E+00 +2.384773662551E+01 +4.382716049383E+00 +1.273662551440E+01 +2.549382716049E+01 +2.030864197531E+01 
+4.176954732510E+00 +2.997942386831E+01 +9.074074074074E+00 +8.024691358025E-01 +9.979423868313E+00 +2.413580246914E+01 
+8.580246913580E+00 +2.010288065844E+01 +1.804526748971E+01 +2.977366255144E+01 +2.775720164609E+01 +2.244855967078E+01 
+4.135802469136E+00 +2.919753086420E+01 +2.779835390947E+01 +2.380658436214E+01 +5.329218106996E+00 +1.067901234568E+01 
+2.730452674897E+01 +5.555555555556E-01 +2.462962962963E+01 +6.790123456790E-01 +3.765432098765E+00 +8.497942386831E+00 
+1.895061728395E+01 +6.358024691358E+00 +7.510288065844E+00 +9.320987654321E+00 +8.497942386831E+00 +1.104938271605E+01 
+1.668724279835E+01 +4.506172839506E+00 +1.458847736626E+01 +2.783950617284E+01 +2.730452674897E+01 +2.685185185185E+01 
+2.010288065844E+01 +1.927983539095E+01 +8.086419753086E+00 +1.697530864198E+01 +5.144032921811E-01 +2.078189300412E+00 
+1.545267489712E+01 +2.220164609053E+01 +5.967078189300E-01 +2.845679012346E+01 +6.975308641975E+00 +2.242798353909E+00 
+2.500000000000E+01 +9.156378600823E+00 +1.666666666667E+00 +2.170781893004E+01 +2.697530864198E+01 +4.320987654321E-01 
+1.002057613169E+01 +1.487654320988E+01 +1.454732510288E+01 +2.808641975309E+01 +2.368312757202E+01 +7.345679012346E+00 
+2.347736625514E+01 +1.528806584362E+01 +2.158436213992E+01 +2.524691358025E+01 +1.606995884774E+01 +1.314814814815E+01 
+3.559670781893E+00 +9.691358024691E+00 +1.491769547325E+01 +9.362139917695E+00 +2.030864197531E+01 +1.261316872428E+01 
+1.269547325103E+01 +2.323045267490E+01 +2.956790123457E+01 +2.080246913580E+01 +1.948559670782E+01 +2.598765432099E+01 
+1.454732510288E+01 +2.528806584362E+01 +2.269547325103E+01 +4.053497942387E+00 +1.434156378601E+01 +1.055555555556E+01 
+3.888888888889E+00 +1.853909465021E+01 +8.621399176955E+00 +2.388888888889E+01 +1.440329218107E-01 +1.030864197531E+01 
+3.497942386831E-01 +1.462962962963E+01 +9.855967078189E+00 +3.641975308642E+00 +2.695473251029E+00 +1.022633744856E+01 
+2.777777777778E+00 +5.082304526749E+00 +1.137860082305E+01 +1.907407407407E+01 +2.895061728395E+01 +1.775720164609E+01 
+4.218106995885E+00 +6.934156378601E+00 +9.279835390947E+00 +1.874485596708E+01 +2.915637860082E+01 +2.644032921811E+01 
+1.709876543210E+01 +6.604938271605E+00 +1.460905349794E+00 +1.956790123457E+01 +2.611111111111E+01 +2.368312757202E+01 
+7.139917695473E+00 +2.100823045267E+01 +2.187242798354E+01 +1.376543209877E+01 +1.028806584362E-01 +5.967078189300E-01 
+1.808641975309E+01 +2.878600823045E+01 +1.049382716049E+00 +1.759259259259E+01 +2.022633744856E+01 +1.697530864198E+01 
+2.269547325103E+01 +2.578189300412E+01 +2.421810699588E+01 +1.335390946502E+01 +2.475308641975E+01 +1.281893004115E+01 
+3.353909465021E+00 +1.133744855967E+01 +2.318930041152E+01 +2.537037037037E+01 +2.119341563786E+00 +4.732510288066E-01 
+1.049382716049E+00 +1.545267489712E+01 +9.732510288066E+00 +6.604938271605E+00 +2.853909465021E+01 +1.837448559671E+01 
+1.088477366255E+01 +2.512345679012E+01 +9.115226337449E+00 +1.701646090535E+01 +2.654320987654E+00 +1.574074074074E+01 
+7.551440329218E+00 +2.318930041152E+01 +1.656378600823E+01 +2.672839506173E+01 +3.024691358025E+00 +2.113168724280E+01 
+1.248971193416E+01 +5.823045267490E+00 +5.740740740741E+00 +2.907407407407E+01 +2.639917695473E+01 +2.179012345679E+01 
+6.234567901235E+00 +2.034979423868E+01 +9.403292181070E+00 +3.353909465021E+00 +2.685185185185E+01 +1.790123456790E+00 
+1.705761316872E+01 +1.014403292181E+01 +1.265432098765E+01 +2.475308641975E+01 +3.065843621399E+00 +1.405349794239E+01 
+3.312757201646E+00 +1.707818930041E+00 +2.281893004115E+01 +1.952674897119E+01 +2.413580246914E+01 +4.094650205761E+00 
+2.574074074074E+01 +1.298353909465E+01 +6.790123456790E-01 +1.882716049383E+01 +2.948559670782E+01 +2.508230452675E+01 
+2.623456790123E+01 +3.641975308642E+00 +1.545267489712E+01 +1.648148148148E+01 +8.909465020576E+00 +7.386831275720E+00 
+2.372427983539E+01 +2.224279835391E+01 +2.615226337449E+01 +2.055555555556E+01 +1.063786008230E+01 +1.010288065844E+01 
+6.069958847737E+00 +2.092592592593E+01 +2.355967078189E+01 +1.419753086420E+00 +1.495884773663E+01 +2.627572016461E+01 
+1.537037037037E+01 +8.415637860082E+00 +2.265432098765E+01 +6.851851851852E+00 +2.932098765432E+01 +1.923868312757E+01 
+2.109053497942E+01 +2.228395061728E+01 +5.781893004115E+00 +8.497942386831E+00 +6.111111111111E+00 +2.674897119342E-01 
+2.421810699588E+01 +1.713991769547E+01 +1.076131687243E+01 +1.131687242798E+00 +1.487654320988E+01 +6.193415637860E+00 
+2.475308641975E+01 +6.069958847737E+00 +2.072016460905E+01 +2.648148148148E+01 +2.384773662551E+01 +1.207818930041E+01 
+2.331275720165E+01 +1.150205761317E+01 +8.436213991770E-01 +7.757201646091E+00 +1.310699588477E+01 +2.639917695473E+01 
+1.244855967078E+01 +1.187242798354E+01 +1.969135802469E+01 +2.076131687243E+01 +2.442386831276E+01 +1.028806584362E-01 
+2.355967078189E+01 +1.388888888889E+01 +1.030864197531E+01 +2.818930041152E+00 +2.973251028807E+01 +1.858024691358E+01 
+1.034979423868E+01 +7.469135802469E+00 +2.401234567901E+01 +5.740740740741E+00 +7.962962962963E+00 +1.224279835391E+01 
+2.467078189300E+01 +2.113168724280E+01 +2.866255144033E+01 +2.401234567901E+01 +2.619341563786E+01 +2.146090534979E+01 
+1.384773662551E+01 +2.816872427984E+01 +1.072016460905E+01 +1.203703703704E+01 +8.024691358025E-01 +4.423868312757E+00 
+7.880658436214E+00 +1.574074074074E+01 +1.310699588477E+01 +1.055555555556E+01 +2.014403292181E+01 +1.216049382716E+01 
+2.343621399177E+01 +2.006172839506E+01 +2.520576131687E+01 +1.903292181070E+01 +1.882716049383E+01 +5.823045267490E+00 
+5.411522633745E+00 +1.685185185185E+01 +2.788065843621E+01 +1.228395061728E+01 +2.520576131687E+01 +1.693415637860E+01 
+2.537037037037E+01 +8.497942386831E+00 +2.652263374486E+01 +1.985596707819E+01 +1.713991769547E+01 +6.810699588477E+00 
+5.082304526749E+00 +6.851851851852E+00 +8.374485596708E+00 +9.814814814815E+00 +2.952674897119E+01 +2.405349794239E+01 
+2.644032921811E+01 +9.362139917695E+00 +1.528806584362E+01 +1.467078189300E+01 +2.331275720165E+01 +1.265432098765E+01 
+2.676954732510E+01 +1.158436213992E+01 +1.709876543210E+01 +2.051440329218E+01 +1.199588477366E+01 +2.154320987654E+01 
+2.489711934156E+00 +2.409465020576E+01 +1.833333333333E+01 +2.084362139918E+01 +2.845679012346E+01 +1.644032921811E+01 
+2.078189300412E+00 +8.086419753086E+00 +7.057613168724E+00 +2.520576131687E+01 +1.146090534979E+01 +7.263374485597E+00 
+7.674897119342E+00 +1.565843621399E+01 +2.125514403292E+01 +2.709876543210E+01 +2.886831275720E+01 +1.232510288066E+01 
+2.837448559671E+01 +4.135802469136E+00 +2.528806584362E+01 +2.718106995885E+01 +1.174897119342E+01 +2.018518518519E+01 
+3.271604938272E+00 +1.701646090535E+01 +8.456790123457E+00 +1.409465020576E+01 +3.106995884774E+00 +9.115226337449E+00 
+1.664609053498E+01 +2.314814814815E+01 +2.010288065844E+01 +1.685185185185E+01 +6.028806584362E+00 +9.855967078189E+00 
+2.890946502058E+01 +1.693415637860E+01 +2.598765432099E+01 +1.923868312757E+01 +2.010288065844E+01 +2.841563786008E+01 
+2.057613168724E-02 +2.150205761317E+01 +1.792181069959E+01 +2.635802469136E+01 +7.201646090535E-01 +1.255144032922E+00 
+1.240740740741E+01 +8.333333333333E+00 +5.411522633745E+00 +1.240740740741E+01 +1.141975308642E+01 +3.971193415638E+00 
+2.014403292181E+01 +2.051440329218E+01 +1.269547325103E+01 +2.860082304527E+00 +2.489711934156E+00 +9.938271604938E+00 
+3.971193415638E+00 +7.592592592593E+00 +2.380658436214E+01 +1.220164609053E+01 +1.878600823045E+01 +2.524691358025E+01 
+6.028806584362E+00 +1.820987654321E+01 +1.195473251029E+01 +2.895061728395E+01 +1.393004115226E+01 +1.187242798354E+01 
+1.606995884774E+01 +2.874485596708E+01 +5.123456790123E+00 +1.378600823045E+00 +7.757201646091E+00 +3.559670781893E+00 
+1.872427983539E+00 +2.078189300412E+00 +2.242798353909E+00 +1.746913580247E+01 +1.528806584362E+01 +2.993827160494E+01 
+1.697530864198E+01 +1.393004115226E+01 +1.553497942387E+01 +1.150205761317E+01 +1.323045267490E+01 +1.442386831276E+01 
+1.232510288066E+01 +2.310699588477E+01 +1.767489711934E+01 +1.783950617284E+01 +1.008230452675E+00 +1.656378600823E+01 
+1.870370370370E+01 +1.310699588477E+01 +5.555555555556E-01 +2.458847736626E+01 +1.401234567901E+01 +2.228395061728E+01 
+1.851851851852E-01 +2.265432098765E+01 +2.701646090535E+01 +2.829218106996E+01 +2.347736625514E+01 +8.868312757202E+00 
+9.897119341564E+00 +2.565843621399E+01 +1.495884773663E+01 +1.314814814815E+01 +1.656378600823E+01 +2.327160493827E+01 
+2.952674897119E+01 +1.512345679012E+01 +1.028806584362E-01 +9.567901234568E+00 +2.076131687243E+01 +6.172839506173E-02 
+1.660493827160E+01 +1.516460905350E+01 +5.905349794239E+00 +2.104938271605E+01 +2.500000000000E+01 +2.895061728395E+01 
+2.018518518519E+01 +1.771604938272E+01 +4.259259259259E+00 +2.413580246914E+01 +2.718106995885E+01 +2.800411522634E+01 
+1.170781893004E+01 +2.483539094650E+01 +6.378600823045E-01 +1.615226337449E+01 +1.257201646091E+01 +4.218106995885E+00 
+1.207818930041E+01 +2.582304526749E+01 +2.487654320988E+01 +3.888888888889E+00 +1.788065843621E+01 +2.283950617284E+00 
+1.598765432099E+01 +9.732510288066E+00 +1.841563786008E+01 +4.917695473251E+00 +2.818930041152E+00 +2.446502057613E+01 
+2.549382716049E+01 +5.411522633745E+00 +2.290123456790E+01 +1.543209876543E+00 +3.724279835391E+00 +1.141975308642E+01 
+3.230452674897E+00 +9.197530864198E+00 +2.777777777778E+00 +2.360082304527E+01 +2.598765432099E+01 +2.771604938272E+01 
+1.310699588477E+01 +1.232510288066E+01 +2.689300411523E+01 +1.995884773663E+00 +1.989711934156E+01 +3.024691358025E+00 
+2.401234567901E+01 +2.236625514403E+01 +4.341563786008E+00 +4.135802469136E+00 +2.421810699588E+01 +1.851851851852E-01 
+1.989711934156E+01 +1.689300411523E+01 +3.148148148148E+00 +1.487654320988E+01 +1.364197530864E+01 +9.156378600823E+00 
+2.491769547325E+01 +1.779835390947E+01 +6.604938271605E+00 +2.495884773663E+01 +1.133744855967E+01 +4.629629629630E+00 
+7.469135802469E+00 +1.162551440329E+01 +8.497942386831E+00 +3.086419753086E-01 +6.358024691358E+00 +2.532921810700E+01 
+9.650205761317E+00 +2.448559670782E+00 +2.236625514403E+01 +6.069958847737E+00 +2.530864197531E+00 +1.833333333333E+01 
+3.477366255144E+00 +2.779835390947E+01 +2.080246913580E+01 +2.117283950617E+01 +7.263374485597E+00 +2.952674897119E+01 
+2.294238683128E+01 +2.325102880658E+00 +1.895061728395E+01 +2.940329218107E+01 +1.039094650206E+01 +7.016460905350E+00 
+5.452674897119E+00 +2.901234567901E+00 +3.106995884774E+00 +1.479423868313E+01 +1.302469135802E+01 +1.109053497942E+01 
+8.662551440329E+00 +1.213991769547E+00 +2.014403292181E+01 +2.915637860082E+01 +1.763374485597E+01 +2.874485596708E+01 
+1.055555555556E+01 +1.668724279835E+01 +2.057613168724E-02 +6.481481481481E+00 +2.816872427984E+01 +5.534979423868E+00 
+6.728395061728E+00 +8.744855967078E+00 +2.606995884774E+01 +1.269547325103E+01 +8.539094650206E+00 +2.265432098765E+01 
+1.553497942387E+01 +2.829218106996E+01 +1.360082304527E+01 +4.670781893004E+00 +9.670781893004E-01 +3.353909465021E+00 
+2.059670781893E+01 +1.775720164609E+01 +2.119341563786E+00 +8.662551440329E+00 +2.117283950617E+01 +4.958847736626E+00 
+1.129629629630E+01 +2.430041152263E+01 +1.701646090535E+01 +2.446502057613E+01 +2.487654320988E+01 +4.012345679012E+00 
+2.228395061728E+01 +2.302469135802E+01 +2.491769547325E+01 +1.895061728395E+01 +2.310699588477E+01 +1.131687242798E+00 
+2.713991769547E+01 +5.781893004115E+00 +2.631687242798E+01 +1.440329218107E-01 +6.769547325103E+00 +2.314814814815E+01 
+4.300411522634E+00 +7.016460905350E+00 +7.674897119342E+00 +1.425925925926E+01 +1.265432098765E+01 +2.500000000000E+01 
+2.384773662551E+01 +1.500000000000E+01 +6.152263374486E+00 +2.195473251029E+01 +1.532921810700E+01 +1.537037037037E+01 
+2.598765432099E+01 +1.049382716049E+00 +1.327160493827E+01 +2.619341563786E+01 +1.113168724280E+01 +2.820987654321E+01 
+2.816872427984E+01 +2.261316872428E+01 +1.125514403292E+01 +1.421810699588E+01 +1.639917695473E+01 +2.635802469136E+01 
+7.427983539095E+00 +1.100823045267E+01 +1.594650205761E+01 +3.395061728395E+00 +1.055555555556E+01 +2.002057613169E+01 
+8.024691358025E-01 +9.938271604938E+00 +1.248971193416E+01 +5.987654320988E+00 +1.886831275720E+01 +2.530864197531E+00 
+5.658436213992E+00 +1.203703703704E+01 +1.277777777778E+01 +1.113168724280E+01 +2.467078189300E+01 +1.899176954733E+01 
+1.915637860082E+01 +2.283950617284E+00 +8.292181069959E+00 +1.656378600823E+01 +5.041152263374E+00 +2.512345679012E+01 
+2.199588477366E+01 +1.804526748971E+01 +1.598765432099E+01 +2.565843621399E+01 +1.956790123457E+01 +1.590534979424E+01 
+1.820987654321E+01 +1.981481481481E+01 +1.676954732510E+01 +1.063786008230E+01 +2.969135802469E+01 +1.586419753086E+01 
+2.117283950617E+01 +7.633744855967E+00 +6.810699588477E+00 +2.310699588477E+01 +1.553497942387E+01 +6.728395061728E+00 
+2.201646090535E+00 +2.364197530864E+01 +2.812757201646E+01 +2.253086419753E+01 +1.701646090535E+01 +9.567901234568E+00 
+2.582304526749E+01 +1.306584362140E+01 +2.858024691358E+01 +2.014403292181E+01 +5.658436213992E+00 +2.997942386831E+01 
+1.532921810700E+01 +6.152263374486E+00 +1.039094650206E+01 +1.471193415638E+01 +2.882716049383E+01 +3.683127572016E+00 
+1.707818930041E+00 +2.697530864198E+01 +1.783950617284E+01 +1.664609053498E+01 +7.674897119342E+00 +1.849794238683E+01 
+1.314814814815E+01 +2.133744855967E+01 +8.868312757202E+00 +3.559670781893E+00 +2.220164609053E+01 +6.399176954733E+00 
+2.442386831276E+01 +8.786008230453E+00 +2.792181069959E+01 +8.168724279835E+00 +3.436213991770E+00 +2.654320987654E+00 
+1.174897119342E+01 +1.331275720165E+01 +1.882716049383E+01 +9.855967078189E+00 +1.162551440329E+01 +2.269547325103E+01 
+1.043209876543E+01 +1.952674897119E+01 +1.067901234568E+01 +2.281893004115E+01 +7.510288065844E+00 +2.693415637860E+01 
+1.582304526749E+01 +1.296296296296E+00 +1.755144032922E+01 +1.133744855967E+01 +2.146090534979E+01 +1.043209876543E+01 
+3.930041152263E+00 +8.847736625514E-01 +2.837448559671E+01 +2.372427983539E+01 +1.220164609053E+01 +1.936213991770E+01 
+2.022633744856E+01 +1.911522633745E+01 +2.718106995885E+01 +9.279835390947E+00 +1.273662551440E+01 +1.660493827160E+01 
+1.549382716049E+01 +2.211934156379E+01 +2.853909465021E+01 +2.611111111111E+01 +2.047325102881E+01 +2.407407407407E+00 
+2.471193415638E+01 +1.471193415638E+01 +2.919753086420E+01 +1.549382716049E+01 +2.109053497942E+01 +1.454732510288E+01 
+7.798353909465E+00 +1.569958847737E+01 +1.063786008230E+01 +1.954732510288E+00 +2.878600823045E+01 +1.318930041152E+01 
+2.705761316872E+01 +1.582304526749E+01 +2.582304526749E+01 +6.316872427984E+00 +1.890946502058E+01 +6.275720164609E+00 
+2.508230452675E+01 +1.228395061728E+01 +9.979423868313E+00 +1.397119341564E+01 +3.888888888889E+00 +2.582304526749E+01 
+9.320987654321E+00 +3.395061728395E+00 +1.306584362140E+01 +1.294238683128E+01 +2.866255144033E+01 +1.872427983539E+00 
+1.751028806584E+01 +1.541152263374E+01 +5.246913580247E+00 +2.890946502058E+01 +2.701646090535E+01 +2.088477366255E+01 
+2.631687242798E+01 +2.117283950617E+01 +1.413580246914E+01 +2.500000000000E+01 +2.829218106996E+01 +4.300411522634E+00 
+1.479423868313E+01 +2.654320987654E+00 +2.746913580247E+01 +6.193415637860E+00 +1.820987654321E+01 +1.413580246914E+01 
+1.211934156379E+01 +9.485596707819E+00 +1.286008230453E+01 +2.438271604938E+01 +1.018518518519E+01 +2.380658436214E+01 
+2.380658436214E+01 +2.216049382716E+01 +1.851851851852E-01 +6.975308641975E+00 +2.812757201646E+01 +6.481481481481E+00 
+2.302469135802E+01 +1.831275720165E+00 +2.800411522634E+01 +1.351851851852E+01 +2.940329218107E+01 +1.290123456790E+01 
+1.995884773663E+00 +1.796296296296E+01 +2.129629629630E+01 +2.664609053498E+01 +1.131687242798E+00 +2.792181069959E+01 
+1.956790123457E+01 +4.382716049383E+00 +2.351851851852E+01 +3.971193415638E+00 +1.462962962963E+01 +1.666666666667E+00 
+8.991769547325E+00 +1.837448559671E+01 +1.170781893004E+01 +1.993827160494E+01 +9.032921810700E+00 +1.220164609053E+01 
+2.438271604938E+01 +1.240740740741E+01 +2.039094650206E+01 +1.528806584362E+01 +2.137860082305E+01 +2.652263374486E+01 
+1.084362139918E+01 +1.191358024691E+01 +1.685185185185E+01 +5.452674897119E+00 +1.100823045267E+01 +2.572016460905E+00 
+1.010288065844E+01 +1.681069958848E+01 +9.032921810700E+00 +6.172839506173E-02 +3.497942386831E-01 +6.769547325103E+00 
+2.866255144033E+01 +2.627572016461E+01 +6.440329218107E+00 +2.771604938272E+01 +6.152263374486E+00 +2.310699588477E+01 
+2.541152263374E+01 +2.726337448560E+01 +3.497942386831E-01 +5.329218106996E+00 +1.870370370370E+01 +1.137860082305E+01 
+8.004115226337E+00 +1.467078189300E+01 +1.471193415638E+01 +1.500000000000E+01 +1.932098765432E+01 +2.860082304527E+00 
+1.195473251029E+01 +1.257201646091E+01 +1.008230452675E+00 +1.090534979424E+00 +9.197530864198E+00 +2.901234567901E+00 
+5.123456790123E+00 +7.201646090535E-01 +2.530864197531E+00 +2.613168724280E+00 +2.471193415638E+01 +1.471193415638E+01 
+4.588477366255E+00 +4.218106995885E+00 +2.489711934156E+00 +2.751028806584E+01 +6.851851851852E+00 +2.263374485597E-01 
+1.825102880658E+01 +1.537037037037E+01 +1.318930041152E+01 +2.812757201646E+01 +2.565843621399E+01 +2.845679012346E+01 
+1.265432098765E+01 +6.522633744856E+00 +1.543209876543E+00 +1.676954732510E+01 +9.732510288066E+00 +8.374485596708E+00 
+2.409465020576E+01 +4.917695473251E+00 +2.141975308642E+01 +5.493827160494E+00 +1.335390946502E+01 +1.240740740741E+01 
+1.524691358025E+01 +2.783950617284E+01 +1.820987654321E+01 +2.448559670782E+00 +2.318930041152E+01 +1.664609053498E+01 
+2.532921810700E+01 +7.304526748971E+00 +1.347736625514E+01 +1.734567901235E+01 +1.430041152263E+01 +2.294238683128E+01 
+1.578189300412E+01 +2.613168724280E+00 +1.713991769547E+01 +3.909465020576E-01 +2.582304526749E+01 +2.606995884774E+01 
+1.767489711934E+01 +1.248971193416E+01 +2.989711934156E+01 +1.458847736626E+01 +8.333333333333E+00 +2.409465020576E+01 
+1.734567901235E+01 +2.191358024691E+01 +1.771604938272E+01 +2.759259259259E+01 +1.491769547325E+01 +1.273662551440E+01 
+7.386831275720E+00 +2.569958847737E+01 +2.220164609053E+01 +2.207818930041E+01 +2.874485596708E+01 +2.985596707819E+01 
+8.251028806584E+00 +8.868312757202E+00 +1.619341563786E+01 +1.232510288066E+01 +4.588477366255E+00 +2.448559670782E+00 
+9.279835390947E+00 +9.897119341564E+00 +1.232510288066E+01 +2.384773662551E+01 +2.425925925926E+01 +2.191358024691E+01 
+1.890946502058E+01 +2.450617283951E+01 +2.224279835391E+01 +2.722222222222E+01 +1.907407407407E+01 +6.604938271605E+00 
+2.654320987654E+00 +4.958847736626E+00 +2.668724279835E+01 +3.189300411523E+00 +2.631687242798E+01 +1.722222222222E+01 
+5.288065843621E+00 +4.259259259259E+00 +2.393004115226E+01 +2.816872427984E+01 +1.578189300412E+01 +1.049382716049E+00 
+1.800411522634E+01 +1.495884773663E+01 +2.179012345679E+01 +6.152263374486E+00 +2.656378600823E+01 +8.847736625514E-01 
+2.736625514403E+00 +1.767489711934E+01 +1.606995884774E+01 +2.109053497942E+01 +1.049382716049E+00 +1.804526748971E+01 
+5.329218106996E+00 +1.833333333333E+01 +2.232510288066E+01 +1.327160493827E+01 +1.831275720165E+00 +2.323045267490E+01 
+2.216049382716E+01 +2.862139917695E+01 +5.493827160494E+00 +2.923868312757E+01 +7.098765432099E+00 +8.209876543210E+00 
+2.458847736626E+01 +2.183127572016E+01 +1.483539094650E+01 +1.790123456790E+00 +2.985596707819E+01 +2.940329218107E+01 
+1.586419753086E+01 +1.886831275720E+01 +2.870370370370E+01 +3.230452674897E+00 +2.590534979424E+01 +2.055555555556E+01 
+2.076131687243E+01 +2.652263374486E+01 +3.312757201646E+00 +1.290123456790E+01 +2.207818930041E+01 +7.181069958848E+00 
+1.131687242798E+00 +1.434156378601E+01 +1.923868312757E+01 +2.092592592593E+01 +2.524691358025E+01 +3.806584362140E+00 
+2.253086419753E+01 +1.088477366255E+01 +1.026748971193E+01 +2.039094650206E+01 +1.378600823045E+00 +2.434156378601E+01 
+1.681069958848E+01 +2.907407407407E+01 +2.283950617284E+00 +2.022633744856E+01 +7.839506172840E+00 +2.594650205761E+01 
+2.084362139918E+01 +1.425925925926E+01 +1.541152263374E+01 +2.174897119342E+01 +1.080246913580E+01 +1.557613168724E+01 
+9.444444444444E+00 +2.574074074074E+01 +2.368312757202E+01 +1.812757201646E+01 +8.744855967078E+00 +6.152263374486E+00 
+2.697530864198E+01 +6.028806584362E+00 +1.331275720165E+01 +2.216049382716E+01 +2.788065843621E+01 +2.037037037037E+00 
+1.775720164609E+01 +2.516460905350E+01 +1.335390946502E+01 +2.598765432099E+01 +1.666666666667E+00 +1.174897119342E+01 
+2.388888888889E+01 +1.265432098765E+01 +1.240740740741E+01 +2.113168724280E+01 +1.088477366255E+01 +2.306584362140E+01 
+1.500000000000E+01 +4.629629629630E+00 +8.991769547325E+00 +1.034979423868E+01 +2.462962962963E+01 +1.878600823045E+01 
+3.641975308642E+00 +2.240740740741E+01 +2.656378600823E+01 +1.047325102881E+01 +2.183127572016E+01 +2.736625514403E+00 
+4.711934156379E+00 +2.154320987654E+01 +2.417695473251E+01 +3.271604938272E+00 +6.563786008230E+00 +1.783950617284E+01 
+2.722222222222E+01 +2.524691358025E+01 +7.613168724280E-01 +7.345679012346E+00 +2.870370370370E+01 +2.360082304527E+01 
+6.522633744856E+00 +4.547325102881E+00 +2.685185185185E+01 +1.059670781893E+01 +8.127572016461E+00 +2.746913580247E+01 
+2.606995884774E+01 +1.549382716049E+01 +1.858024691358E+01 +3.024691358025E+00 +2.755144032922E+01 +1.820987654321E+01 
+1.508230452675E+01 +2.248971193416E+01 +6.111111111111E+00 +2.944444444444E+01 +1.121399176955E+01 +2.763374485597E+01 
+1.763374485597E+01 +7.674897119342E+00 +4.732510288066E-01 +1.660493827160E+01 +1.584362139918E+00 +1.368312757202E+01 
+1.187242798354E+01 +1.812757201646E+01 +5.041152263374E+00 +5.246913580247E+00 +1.722222222222E+01 +2.067901234568E+01 
+1.113168724280E+01 +2.746913580247E+01 +2.253086419753E+01 +2.779835390947E+01 +2.191358024691E+01 +1.351851851852E+01 
+1.090534979424E+00 +1.294238683128E+01 +2.310699588477E+01 +1.537037037037E+01 +1.244855967078E+01 +6.358024691358E+00 
+1.376543209877E+01 +6.687242798354E+00 +1.380658436214E+01 +1.973251028807E+01 +1.442386831276E+01 +2.804526748971E+01 
+4.670781893004E+00 +5.288065843621E+00 +2.037037037037E+00 +7.592592592593E+00 +4.876543209877E+00 +5.329218106996E+00 
+2.701646090535E+01 +1.676954732510E+01 +2.034979423868E+01 +1.224279835391E+01 +2.450617283951E+01 +8.333333333333E+00 
+1.183127572016E+01 +1.216049382716E+01 +9.609053497942E+00 +2.232510288066E+01 +2.808641975309E+01 +2.730452674897E+01 
+1.039094650206E+01 +1.413580246914E+01 +1.199588477366E+01 +1.129629629630E+01 +2.726337448560E+01 +3.765432098765E+00 
+3.086419753086E-01 +1.899176954733E+01 +2.664609053498E+01 +1.006172839506E+01 +9.897119341564E+00 +1.310699588477E+01 
+1.771604938272E+01 +1.594650205761E+01 +2.166666666667E+01 +2.656378600823E+01 +1.298353909465E+01 +2.878600823045E+01 
+8.292181069959E+00 +1.611111111111E+01 +6.399176954733E+00 +2.434156378601E+01 +1.092592592593E+01 +4.711934156379E+00 
+2.627572016461E+01 +1.080246913580E+01 +2.944444444444E+01 +1.483539094650E+01 +1.030864197531E+01 +1.866255144033E+01 
+2.479423868313E+01 +1.318930041152E+01 +2.438271604938E+01 +2.882716049383E+01 +2.376543209877E+01 +5.699588477366E+00 
+1.528806584362E+01 +4.794238683128E+00 +8.539094650206E+00 +1.899176954733E+01 +2.804526748971E+01 +1.306584362140E+01 
+2.639917695473E+01 +1.446502057613E+01 +2.257201646091E+01 +1.067901234568E+01 +2.294238683128E+01 +2.096707818930E+01 
+1.351851851852E+01 +1.137860082305E+01 +2.211934156379E+01 +1.117283950617E+01 +1.895061728395E+01 +2.615226337449E+01 
+1.874485596708E+01 +1.697530864198E+01 +2.294238683128E+01 +1.174897119342E+01 +2.792181069959E+01 +1.090534979424E+00 
+2.170781893004E+01 +1.746913580247E+01 +1.117283950617E+01 +2.244855967078E+01 +1.652263374486E+01 +2.043209876543E+01 
+1.648148148148E+01 +2.179012345679E+01 +2.154320987654E+01 +2.298353909465E+01 +2.627572016461E+01 +2.491769547325E+01 
+1.092592592593E+01 +1.656378600823E+01 +2.051440329218E+01 +9.403292181070E+00 +1.213991769547E+00 +2.915637860082E+01 
+2.911522633745E+01 +1.520576131687E+01 +1.866255144033E+01 +2.736625514403E+00 +1.211934156379E+01 +1.355967078189E+01 
+2.829218106996E+01 +5.164609053498E+00 +4.588477366255E+00 +4.094650205761E+00 +1.150205761317E+01 +2.561728395062E+01 
+2.446502057613E+01 +2.895061728395E+01 +2.384773662551E+01 +4.218106995885E+00 +2.055555555556E+01 +1.831275720165E+00 
+1.067901234568E+01 +2.681069958848E+01 +2.325102880658E+00 +1.738683127572E+01 +1.718106995885E+01 +1.565843621399E+01 
+1.302469135802E+01 +1.730452674897E+01 +2.376543209877E+01 +2.037037037037E+00 +7.921810699588E+00 +1.870370370370E+01 
+2.129629629630E+01 +2.561728395062E+01 +2.981481481481E+01 +7.057613168724E+00 +1.767489711934E+01 +1.800411522634E+01 
+7.057613168724E+00 +1.479423868313E+01 +1.388888888889E+01 +1.450617283951E+01 +1.833333333333E+01 +7.201646090535E-01 
+1.816872427984E+01 +1.117283950617E+01 +1.253086419753E+01 +2.150205761317E+01 +4.794238683128E+00 +1.726337448560E+01 
+1.051440329218E+01 +2.709876543210E+01 +2.084362139918E+01 +1.977366255144E+01 +5.555555555556E-01 +1.343621399177E+01 
+9.259259259259E-01 +1.224279835391E+01 +3.909465020576E-01 +1.927983539095E+01 +8.827160493827E+00 +5.288065843621E+00 
+1.290123456790E+01 +1.195473251029E+01 +2.654320987654E+00 +2.467078189300E+01 +1.829218106996E+01 +6.563786008230E+00 
+6.687242798354E+00 +1.092592592593E+01 +2.569958847737E+01 +2.277777777778E+01 +2.360082304527E+01 +1.113168724280E+01 
+2.232510288066E+01 +1.652263374486E+01 +1.775720164609E+01 +5.370370370370E+00 +1.137860082305E+01 +2.602880658436E+01 
+1.380658436214E+01 +7.345679012346E+00 +1.779835390947E+01 +2.942386831276E+00 +2.504115226337E+01 +2.574074074074E+01 
+1.627572016461E+01 +6.810699588477E+00 +1.862139917695E+01 +1.438271604938E+01 +2.281893004115E+01 +5.555555555556E-01 
+2.211934156379E+01 +3.600823045267E+00 +1.825102880658E+01 +2.639917695473E+01 +1.397119341564E+01 +3.065843621399E+00 
+1.467078189300E+01 +6.234567901235E+00 +2.927983539095E+01 +2.948559670782E+01 +1.240740740741E+01 +2.775720164609E+01 
+6.893004115226E+00 +1.026748971193E+01 +2.901234567901E+00 +6.769547325103E+00 +1.911522633745E+01 +1.841563786008E+01 
+2.063786008230E+01 +4.012345679012E+00 +1.323045267490E+01 +1.911522633745E+01 +1.236625514403E+01 +8.744855967078E+00 
+2.792181069959E+01 +1.109053497942E+01 +2.500000000000E+01 +1.039094650206E+01 +5.864197530864E+00 +5.781893004115E+00 
+1.936213991770E+01 +1.644032921811E+01 +4.218106995885E+00 +2.627572016461E+01 +1.981481481481E+01 +1.380658436214E+01 
+1.080246913580E+01 +5.905349794239E+00 +1.948559670782E+01 +4.465020576132E+00 +2.491769547325E+01 +2.927983539095E+01 
+1.014403292181E+01 +1.907407407407E+01 +2.611111111111E+01 +8.786008230453E+00 +7.181069958848E+00 +1.541152263374E+01 
+2.516460905350E+01 +2.952674897119E+01 +2.207818930041E+01 +2.479423868313E+01 +2.936213991770E+01 +1.244855967078E+01 
+2.430041152263E+01 +6.378600823045E-01 +2.100823045267E+01 +2.528806584362E+01 +4.012345679012E+00 +2.458847736626E+01 
+1.997942386831E+01 +1.047325102881E+01 +2.590534979424E+01 +2.119341563786E+00 +8.621399176955E+00 +1.689300411523E+01 
+1.520576131687E+01 +7.427983539095E+00 +1.047325102881E+01 +1.644032921811E+01 +1.296296296296E+00 +1.948559670782E+01 
+5.946502057613E+00 +2.808641975309E+01 +2.695473251029E+00 +6.934156378601E+00 +1.183127572016E+01 +1.685185185185E+01 
+7.962962962963E+00 +1.532921810700E+01 +3.024691358025E+00 +5.082304526749E+00 +2.635802469136E+01 +1.932098765432E+01 
+2.611111111111E+01 +2.911522633745E+01 +1.584362139918E+00 +1.413580246914E+01 +7.613168724280E-01 +2.681069958848E+01 
+1.837448559671E+01 +2.442386831276E+01 +2.635802469136E+01 +2.911522633745E+01 +5.534979423868E+00 +1.006172839506E+01 
+2.393004115226E+01 +1.063786008230E+01 +1.261316872428E+01 +2.366255144033E+00 +1.460905349794E+00 +1.199588477366E+01 
+2.244855967078E+01 +2.047325102881E+01 +4.465020576132E+00 +5.781893004115E+00 +1.771604938272E+01 +1.491769547325E+01 
+1.179012345679E+01 +9.670781893004E-01 +6.934156378601E+00 +7.839506172840E+00 +3.395061728395E+00 +6.893004115226E+00 
+2.092592592593E+01 +1.302469135802E+01 +1.450617283951E+01 +1.401234567901E+01 +3.230452674897E+00 +1.172839506173E+00 
+2.818930041152E+00 +1.841563786008E+01 +2.183127572016E+01 +2.833333333333E+01 +8.086419753086E+00 +4.794238683128E+00 
+8.415637860082E+00 +2.014403292181E+01 +2.248971193416E+01 +2.290123456790E+01 +1.697530864198E+01 +2.516460905350E+01 
+1.462962962963E+01 +1.759259259259E+01 +2.903292181070E+01 +2.557613168724E+01 +2.351851851852E+01 +1.430041152263E+01 
+1.644032921811E+01 +6.172839506173E-02 +1.927983539095E+01 +1.606995884774E+01 +2.434156378601E+01 +3.271604938272E+00 
+1.216049382716E+01 +2.722222222222E+01 +1.211934156379E+01 +1.532921810700E+01 +2.454732510288E+01 +2.187242798354E+01 
+1.502057613169E+00 +2.602880658436E+01 +1.965020576132E+01 +2.553497942387E+01 +1.269547325103E+01 +1.989711934156E+01 
+2.504115226337E+01 +1.956790123457E+01 +1.524691358025E+01 +1.944444444444E+01 +6.378600823045E-01 +2.224279835391E+01 
+2.203703703704E+01 +7.716049382716E+00 +2.442386831276E+01 +5.864197530864E+00 +2.956790123457E+01 +7.510288065844E+00 
+1.100823045267E+01 +1.598765432099E+01 +1.092592592593E+01 +2.318930041152E+01 +1.915637860082E+01 +1.294238683128E+01 
+4.547325102881E+00 +2.796296296296E+01 +1.216049382716E+01 +1.668724279835E+01 +7.880658436214E+00 +1.598765432099E+01 
+9.238683127572E+00 +1.977366255144E+01 +2.216049382716E+01 +4.176954732510E+00 +1.541152263374E+01 +2.277777777778E+01 
+1.378600823045E+00 +2.635802469136E+01 +7.098765432099E+00 +1.825102880658E+01 +3.271604938272E+00 +5.000000000000E+00 
+2.681069958848E+01 +8.045267489712E+00 +2.948559670782E+01 +8.251028806584E+00 +1.187242798354E+01 +1.619341563786E+01 
+6.378600823045E-01 +2.730452674897E+01 +2.804526748971E+01 +1.557613168724E+01 +5.905349794239E+00 +2.125514403292E+01 
+2.841563786008E+01 +1.409465020576E+01 +1.590534979424E+01 +4.732510288066E-01 +1.899176954733E+01 +2.166666666667E+01 
+1.030864197531E+01 +3.024691358025E+00 +1.096707818930E+01 +1.584362139918E+00 +1.751028806584E+01 +9.773662551440E+00 
+1.689300411523E+01 +5.144032921811E-01 +1.913580246914E+00 +1.179012345679E+01 +4.218106995885E+00 +9.320987654321E+00 
+3.106995884774E+00 +1.932098765432E+01 +2.940329218107E+01 +2.681069958848E+01 +2.417695473251E+01 +1.080246913580E+01 
+1.213991769547E+00 +2.985596707819E+01 +1.034979423868E+01 +1.002057613169E+01 +2.561728395062E+01 +2.150205761317E+01 
+8.786008230453E+00 +1.816872427984E+01 +5.576131687243E+00 +1.751028806584E+01 +6.646090534979E+00 +2.495884773663E+01 
+4.423868312757E+00 +2.366255144033E+00 +2.829218106996E+01 +7.551440329218E+00 +2.240740740741E+01 +2.808641975309E+01 
+1.792181069959E+01 +2.689300411523E+01 +1.131687242798E+00 +3.436213991770E+00 +1.232510288066E+01 +7.427983539095E+00 
+2.162551440329E+01 +1.738683127572E+01 +2.639917695473E+01 +8.086419753086E+00 +1.072016460905E+01 +2.261316872428E+01 
+2.407407407407E+00 +8.703703703704E+00 +2.467078189300E+01 +5.164609053498E+00 +1.862139917695E+01 +2.911522633745E+01 
+2.977366255144E+01 +1.174897119342E+01 +1.995884773663E+00 +2.211934156379E+01 +1.734567901235E+01 +1.409465020576E+01 
+5.617283950617E+00 +2.438271604938E+01 +7.921810699588E+00 +6.028806584362E+00 +2.512345679012E+01 +2.201646090535E+00 
+2.635802469136E+01 +1.553497942387E+01 +1.512345679012E+01 +1.146090534979E+01 +2.783950617284E+01 +2.705761316872E+01 
+6.316872427984E+00 +2.306584362140E+01 +2.117283950617E+01 +2.742798353909E+01 +1.419753086420E+00 +2.076131687243E+01 
+1.722222222222E+01 +5.452674897119E+00 +1.236625514403E+01 +1.870370370370E+01 +2.841563786008E+01 +4.835390946502E+00 
+1.337448559671E+00 +4.753086419753E+00 +1.800411522634E+01 +6.111111111111E+00 +7.633744855967E+00 +9.650205761317E+00 
+2.327160493827E+01 +1.006172839506E+01 +2.524691358025E+01 +1.261316872428E+01 +1.512345679012E+01 +2.158436213992E+01 
+2.973251028807E+01 +2.298353909465E+01 +2.059670781893E+01 +1.072016460905E+01 +2.537037037037E+01 +2.796296296296E+01 
+1.561728395062E+01 +2.491769547325E+01 +2.623456790123E+01 +2.146090534979E+01 +1.759259259259E+01 +8.662551440329E+00 
+1.625514403292E+00 +2.804526748971E+01 +1.434156378601E+01 +2.376543209877E+01 +1.006172839506E+01 +2.613168724280E+00 
+9.855967078189E+00 +2.818930041152E+00 +3.271604938272E+00 +5.576131687243E+00 +2.343621399177E+01 +2.462962962963E+01 
+1.584362139918E+00 +2.936213991770E+01 +7.345679012346E+00 +2.283950617284E+00 +2.652263374486E+01 +6.934156378601E+00 
+2.845679012346E+01 +1.364197530864E+01 +6.728395061728E+00 +6.275720164609E+00 +5.967078189300E-01 +6.975308641975E+00 
+1.471193415638E+01 +1.368312757202E+01 +1.166666666667E+01 +1.565843621399E+01 +7.798353909465E+00 +1.561728395062E+01 
+1.940329218107E+01 +6.728395061728E+00 +1.158436213992E+01 +1.631687242798E+01 +1.224279835391E+01 +1.257201646091E+01 
+2.096707818930E+01 +2.639917695473E+01 +1.174897119342E+01 +9.609053497942E+00 +2.228395061728E+01 +2.783950617284E+01 
+1.631687242798E+01 +3.353909465021E+00 +1.051440329218E+01 +9.156378600823E+00 +1.203703703704E+01 +1.532921810700E+01 
+3.600823045267E+00 +2.993827160494E+01 +1.141975308642E+01 +2.491769547325E+01 +2.907407407407E+01 +2.932098765432E+01 
+8.539094650206E+00 +2.339506172840E+01 +1.364197530864E+01 +1.602880658436E+01 +2.693415637860E+01 +2.199588477366E+01 
+2.174897119342E+01 +3.189300411523E+00 +8.662551440329E+00 +1.841563786008E+01 +2.407407407407E+00 +2.656378600823E+01 
+1.866255144033E+01 +2.792181069959E+01 +1.438271604938E+01 +1.590534979424E+01 +2.242798353909E+00 +1.751028806584E+01 
+2.788065843621E+01 +7.386831275720E+00 +1.043209876543E+01 +7.016460905350E+00 +1.903292181070E+01 +2.713991769547E+01 
+4.320987654321E-01 +2.489711934156E+00 +2.845679012346E+01 +4.835390946502E+00 +1.973251028807E+01 +8.086419753086E+00 
+2.265432098765E+01 +8.374485596708E+00 +4.053497942387E+00 +7.139917695473E+00 +2.689300411523E+01 +2.170781893004E+01 
+4.094650205761E+00 +3.106995884774E+00 +2.450617283951E+01 +1.831275720165E+00 +2.763374485597E+01 +1.705761316872E+01 
+2.417695473251E+01 +1.236625514403E+01 +2.458847736626E+01 +2.952674897119E+01 +9.444444444444E+00 +1.236625514403E+01 
+2.948559670782E+01 +1.207818930041E+01 +8.168724279835E+00 +1.623456790123E+01 +1.351851851852E+01 +4.876543209877E+00 
+6.152263374486E+00 +1.067901234568E+01 +2.407407407407E+00 +2.294238683128E+01 +1.586419753086E+01 +1.997942386831E+01 
+3.724279835391E+00 +2.368312757202E+01 +7.139917695473E+00 +2.462962962963E+01 +1.248971193416E+01 +2.401234567901E+01 
+1.611111111111E+01 +8.127572016461E+00 +1.080246913580E+01 +1.187242798354E+01 +4.320987654321E-01 +1.635802469136E+01 
+1.059670781893E+01 +4.711934156379E+00 +3.724279835391E+00 +1.337448559671E+00 +2.759259259259E+01 +2.701646090535E+01 
+1.569958847737E+01 +2.088477366255E+01 +2.446502057613E+01 +3.930041152263E+00 +2.709876543210E+01 +5.411522633745E+00 
+3.683127572016E+00 +1.625514403292E+00 +1.088477366255E+01 +2.569958847737E+01 +2.927983539095E+01 +8.168724279835E+00 
+8.168724279835E+00 +9.773662551440E+00 +3.065843621399E+00 +1.323045267490E+01 +2.458847736626E+01 +2.211934156379E+01 
+1.783950617284E+01 +1.755144032922E+01 +2.263374485597E-01 +2.125514403292E+01 +2.676954732510E+01 +1.919753086420E+01 
+5.987654320988E+00 +7.757201646091E+00 +2.541152263374E+01 +1.364197530864E+01 +2.306584362140E+01 +1.545267489712E+01 
+1.281893004115E+01 +1.726337448560E+01 +2.331275720165E+01 +1.948559670782E+01 +1.376543209877E+01 +2.759259259259E+01 
+1.104938271605E+01 +1.557613168724E+01 +4.547325102881E+00 +1.705761316872E+01 +2.833333333333E+01 +4.465020576132E+00 
+2.318930041152E+01 +2.487654320988E+01 +1.162551440329E+01 +1.216049382716E+01 +8.868312757202E+00 +5.144032921811E-01 
+2.263374485597E-01 +1.664609053498E+01 +2.825102880658E+01 +1.030864197531E+01 +1.059670781893E+01 +7.674897119342E+00 
+2.915637860082E+01 +2.425925925926E+01 +3.683127572016E+00 +2.236625514403E+01 +7.469135802469E+00 +1.162551440329E+01 
+3.065843621399E+00 +1.183127572016E+01 +1.537037037037E+01 +1.627572016461E+01 +1.384773662551E+01 +2.471193415638E+01 
+2.150205761317E+01 +1.705761316872E+01 +2.088477366255E+01 +2.220164609053E+01 +1.825102880658E+01 +1.543209876543E+00 
+5.864197530864E+00 +2.674897119342E-01 +5.000000000000E+00 +2.886831275720E+01 +2.080246913580E+01 +6.646090534979E+00 
+1.339506172840E+01 +5.740740740741E+00 +2.405349794239E+01 +1.026748971193E+01 +2.203703703704E+01 +2.183127572016E+01 
+1.475308641975E+01 +2.611111111111E+01 +2.882716049383E+01 +1.318930041152E+01 +2.084362139918E+01 +1.611111111111E+01 
+1.927983539095E+01 +2.771604938272E+01 +1.602880658436E+01 +9.691358024691E+00 +2.179012345679E+01 +4.917695473251E+00 
+2.405349794239E+01 +4.670781893004E+00 +2.969135802469E+01 +1.730452674897E+01 +2.713991769547E+01 +2.318930041152E+01 
+2.718106995885E+01 +1.940329218107E+01 +1.296296296296E+00 +3.724279835391E+00 +1.977366255144E+01 +3.395061728395E+00 
+1.434156378601E+01 +4.176954732510E+00 +2.516460905350E+01 +2.825102880658E+01 +2.977366255144E+01 +2.133744855967E+01 
+1.006172839506E+01 +2.030864197531E+01 +2.796296296296E+01 +1.520576131687E+01 +9.485596707819E+00 +1.088477366255E+01 
+5.740740740741E+00 +1.384773662551E+01 +2.713991769547E+01 +1.997942386831E+01 +5.452674897119E+00 +2.590534979424E+01 
+1.393004115226E+01 +2.242798353909E+00 +2.993827160494E+01 +7.427983539095E+00 +7.057613168724E+00 +2.981481481481E+01 
+6.440329218107E+00 +3.477366255144E+00 +1.104938271605E+01 +2.572016460905E+00 +2.613168724280E+00 +6.522633744856E+00 
+9.691358024691E+00 +2.940329218107E+01 +1.516460905350E+01 +2.574074074074E+01 +4.958847736626E+00 +2.882716049383E+01 
+2.088477366255E+01 +5.534979423868E+00 +1.615226337449E+01 +2.129629629630E+01 +3.683127572016E+00 +2.014403292181E+01 
+2.586419753086E+01 +7.057613168724E+00 +2.874485596708E+01 +2.137860082305E+01 +1.598765432099E+01 +9.485596707819E+00 
+2.113168724280E+01 +2.676954732510E+01 +2.170781893004E+01 +2.273662551440E+01 +2.154320987654E+01 +2.695473251029E+00 
+1.460905349794E+00 +5.946502057613E+00 +2.890946502058E+01 +7.510288065844E+00 +2.981481481481E+01 +2.397119341564E+01 
+4.958847736626E+00 +2.187242798354E+01 +2.545267489712E+01 +1.820987654321E+01 +1.508230452675E+01 +1.701646090535E+01 
+1.701646090535E+01 +2.520576131687E+01 +1.903292181070E+01 +4.506172839506E+00 +1.590534979424E+01 +6.316872427984E+00 
+1.368312757202E+01 +2.983539094650E+00 +2.479423868313E+01 +9.670781893004E-01 +6.934156378601E+00 +2.220164609053E+01 
+1.590534979424E+01 +6.790123456790E-01 +9.526748971193E+00 +4.753086419753E+00 +2.059670781893E+01 +1.063786008230E+01 
+4.382716049383E+00 +2.351851851852E+01 +4.012345679012E+00 +4.547325102881E+00 +1.409465020576E+01 +1.668724279835E+01 
+2.615226337449E+01 +1.874485596708E+01 +1.870370370370E+01 +1.748971193416E+00 +4.711934156379E+00 +2.853909465021E+01 
+5.555555555556E-01 +1.008230452675E+00 +2.026748971193E+01 +2.919753086420E+01 +4.670781893004E+00 +2.755144032922E+01 
+2.397119341564E+01 +6.481481481481E+00 +1.121399176955E+01 +2.347736625514E+01 +2.516460905350E+01 +1.467078189300E+01 
+1.298353909465E+01 +5.370370370370E+00 +2.960905349794E+01 +1.043209876543E+01 +2.623456790123E+01 +2.866255144033E+01 
+1.409465020576E+01 +2.376543209877E+01 +2.043209876543E+01 +7.921810699588E+00 +1.689300411523E+01 +2.339506172840E+01 
+2.619341563786E+01 +6.111111111111E+00 +2.306584362140E+01 +1.495884773663E+01 +3.353909465021E+00 +1.528806584362E+01 
+8.950617283951E+00 +6.563786008230E+00 +7.716049382716E+00 +4.958847736626E+00 +9.259259259259E-01 +2.586419753086E+01 
+8.456790123457E+00 +1.096707818930E+01 +5.329218106996E+00 +1.816872427984E+01 +1.253086419753E+01 +1.096707818930E+01 
+4.012345679012E+00 +7.181069958848E+00 +7.222222222222E+00 +1.693415637860E+01 +1.866255144033E+01 +1.076131687243E+01 
+1.397119341564E+01 +2.619341563786E+01 +2.286008230453E+01 +2.594650205761E+01 +8.847736625514E-01 +1.911522633745E+01 
+8.497942386831E+00 +2.701646090535E+01 +1.837448559671E+01 +8.909465020576E+00 +1.849794238683E+01 +2.355967078189E+01 
+6.851851851852E+00 +1.059670781893E+01 +2.160493827160E+00 +1.553497942387E+01 +9.115226337449E+00 +2.253086419753E+01 
+1.594650205761E+01 +2.845679012346E+01 +2.553497942387E+01 +8.744855967078E+00 +1.043209876543E+01 +2.870370370370E+01 
+2.808641975309E+01 +1.131687242798E+00 +2.697530864198E+01 +2.489711934156E+00 +2.777777777778E+00 +2.302469135802E+01 
+2.002057613169E+01 +7.613168724280E-01 +5.205761316872E+00 +9.485596707819E+00 +1.290123456790E+01 +1.460905349794E+00 
+5.699588477366E+00 +1.788065843621E+01 +1.442386831276E+01 +2.668724279835E+01 +3.559670781893E+00 +1.479423868313E+01 
+2.055555555556E+01 +2.508230452675E+01 +5.987654320988E+00 +1.767489711934E+01 +1.816872427984E+01 +1.419753086420E+00 
+2.874485596708E+01 +1.335390946502E+01 +9.320987654321E+00 +1.265432098765E+01 +2.121399176955E+01 +2.973251028807E+01 
+2.820987654321E+01 +1.220164609053E+01 +4.711934156379E+00 +1.771604938272E+01 +2.366255144033E+00 +1.524691358025E+01 
+2.434156378601E+01 +4.876543209877E+00 +2.228395061728E+01 +2.018518518519E+01 +2.448559670782E+00 +2.216049382716E+01 
+1.944444444444E+01 +3.436213991770E+00 +7.304526748971E+00 +1.561728395062E+01 +1.504115226337E+01 +3.641975308642E+00 
+1.790123456790E+00 +1.734567901235E+01 +4.320987654321E-01 +2.409465020576E+01 +1.047325102881E+01 +8.456790123457E+00 
+1.623456790123E+01 +9.032921810700E+00 +7.181069958848E+00 +1.545267489712E+01 +2.983539094650E+00 +1.183127572016E+01 
+2.483539094650E+01 +8.251028806584E+00 +2.557613168724E+01 +1.569958847737E+01 +2.096707818930E+01 +8.621399176955E+00 
+1.742798353909E+01 +1.913580246914E+00 +3.806584362140E+00 +1.788065843621E+01 +1.129629629630E+01 +2.421810699588E+01 
+1.853909465021E+01 +2.572016460905E+00 +1.790123456790E+00 +4.320987654321E-01 +5.781893004115E+00 +7.304526748971E+00 
+2.298353909465E+01 +2.244855967078E+01 +1.746913580247E+01 +4.629629629630E+00 +4.917695473251E+00 +2.487654320988E+01 
+2.656378600823E+01 +3.230452674897E+00 +3.847736625514E+00 +2.057613168724E-02 +4.753086419753E+00 +1.298353909465E+01 
+2.257201646091E+01 +9.814814814815E+00 +1.853909465021E+01 +1.018518518519E+01 +1.808641975309E+01 +1.718106995885E+01 
+1.713991769547E+01 +2.331275720165E+01 +1.467078189300E+01 +2.133744855967E+01 +6.893004115226E+00 +1.117283950617E+01 
+1.096707818930E+01 +3.724279835391E+00 +1.378600823045E+00 +1.915637860082E+01 +2.397119341564E+01 +1.203703703704E+01 
+1.878600823045E+01 +2.257201646091E+01 +1.298353909465E+01 +2.265432098765E+01 +1.421810699588E+01 +2.936213991770E+01 
+1.886831275720E+01 +1.524691358025E+01 +5.946502057613E+00 +1.257201646091E+01 +3.477366255144E+00 +2.825102880658E+01 
+1.923868312757E+01 +3.065843621399E+00 +1.084362139918E+01 +1.619341563786E+01 +1.277777777778E+01 +1.907407407407E+01 
+2.553497942387E+01 +3.806584362140E+00 +1.849794238683E+01 +2.063786008230E+01 +4.465020576132E+00 +2.668724279835E+01 
+5.164609053498E+00 +3.518518518519E+00 +6.769547325103E+00 +1.989711934156E+01 +8.415637860082E+00 +2.195473251029E+01 
+1.166666666667E+01 +2.290123456790E+01 +2.734567901235E+01 +8.415637860082E+00 +8.292181069959E+00 +1.335390946502E+01 
+2.927983539095E+01 +1.261316872428E+01 +1.290123456790E+01 +9.074074074074E+00 +1.853909465021E+01 +2.676954732510E+01 
+4.876543209877E+00 +8.991769547325E+00 +2.672839506173E+01 +9.650205761317E+00 +1.738683127572E+01 +1.913580246914E+00 
+9.526748971193E+00 +3.559670781893E+00 +1.878600823045E+01 +6.522633744856E+00 +9.074074074074E+00 +2.100823045267E+01 
+1.882716049383E+01 +1.829218106996E+01 +2.096707818930E+01 +1.804526748971E+01 +1.516460905350E+01 +2.923868312757E+01 
+1.602880658436E+01 +4.588477366255E+00 +1.006172839506E+01 +2.269547325103E+01 +1.944444444444E+01 +4.670781893004E+00 
+2.425925925926E+01 +1.763374485597E+01 +1.578189300412E+01 +2.257201646091E+01 +2.125514403292E+01 +8.580246913580E+00 
+1.574074074074E+01 +2.800411522634E+01 +2.849794238683E+01 +2.726337448560E+01 +1.726337448560E+01 +2.660493827160E+01 
+9.156378600823E+00 +1.438271604938E+01 +2.730452674897E+01 +1.158436213992E+01 +2.372427983539E+01 +2.372427983539E+01 
+2.495884773663E+01 +6.399176954733E+00 +2.915637860082E+01 +1.121399176955E+01 +2.557613168724E+01 +9.197530864198E+00 
+2.940329218107E+01 +2.553497942387E+01 +7.962962962963E+00 +1.380658436214E+01 +1.872427983539E+00 +1.026748971193E+01 
+2.695473251029E+00 +1.419753086420E+00 +1.829218106996E+01 +5.658436213992E+00 +9.773662551440E+00 +1.458847736626E+01 
+1.491769547325E+01 +1.121399176955E+01 +2.055555555556E+01 +1.829218106996E+01 +1.475308641975E+01 +2.489711934156E+00 
+2.812757201646E+01 +6.893004115226E+00 +1.635802469136E+01 +2.602880658436E+01 +2.779835390947E+01 +1.440329218107E-01 
+7.592592592593E+00 +1.635802469136E+01 +2.549382716049E+01 +9.526748971193E+00 +2.837448559671E+01 +1.886831275720E+01 
+5.781893004115E+00 +1.936213991770E+01 +1.187242798354E+01 +2.183127572016E+01 +2.401234567901E+01 +1.450617283951E+01 
+2.037037037037E+00 +8.004115226337E+00 +2.759259259259E+01 +1.845679012346E+01 +2.174897119342E+01 +2.388888888889E+01 
+1.932098765432E+01 +1.347736625514E+01 +1.952674897119E+01 +1.049382716049E+00 +1.158436213992E+01 +1.895061728395E+01 
+1.693415637860E+01 +1.458847736626E+01 +1.213991769547E+00 +9.444444444444E+00 +2.043209876543E+01 +5.905349794239E+00 
+7.716049382716E+00 +2.660493827160E+01 +9.691358024691E+00 +1.635802469136E+01 +1.954732510288E+00 +2.545267489712E+01 
+2.224279835391E+01 +2.557613168724E+01 +1.627572016461E+01 +1.858024691358E+01 +1.446502057613E+01 +7.921810699588E+00 
+1.483539094650E+01 +9.567901234568E+00 +6.275720164609E+00 +1.808641975309E+01 +2.232510288066E+01 +5.493827160494E+00 
+1.360082304527E+01 +3.909465020576E-01 +2.775720164609E+01 +7.962962962963E+00 +1.281893004115E+01 +1.549382716049E+01 
+2.413580246914E+01 +1.343621399177E+01 +1.109053497942E+01 +2.421810699588E+01 +4.547325102881E+00 +2.890946502058E+01 
+9.732510288066E+00 +2.063786008230E+01 +3.395061728395E+00 +2.508230452675E+01 +2.746913580247E+01 +2.236625514403E+01 
+1.146090534979E+01 +2.755144032922E+01 +2.277777777778E+01 +1.625514403292E+00 +6.440329218107E+00 +1.709876543210E+01 
+2.072016460905E+01 +1.018518518519E+01 +1.409465020576E+01 +1.213991769547E+00 +1.681069958848E+01 +1.146090534979E+01 
+2.160493827160E+00 +2.530864197531E+00 +1.549382716049E+01 +8.127572016461E+00 +8.168724279835E+00 +2.325102880658E+00 
+2.240740740741E+01 +1.030864197531E+01 +1.384773662551E+01 +2.072016460905E+01 +2.644032921811E+01 +2.203703703704E+01 
+9.979423868313E+00 +1.561728395062E+01 +1.886831275720E+01 +5.967078189300E-01 +3.847736625514E+00 +1.401234567901E+01 
+2.310699588477E+01 +1.870370370370E+01 +1.808641975309E+01 +2.695473251029E+00 +2.248971193416E+01 +1.578189300412E+01 
+1.294238683128E+01 +2.948559670782E+01 +2.911522633745E+01 +7.386831275720E+00 +1.380658436214E+01 +2.569958847737E+01 
+2.528806584362E+01 +1.792181069959E+01 +1.368312757202E+01 +9.197530864198E+00 +1.812757201646E+01 +1.364197530864E+01 
+2.030864197531E+01 +1.895061728395E+01 +2.537037037037E+01 +1.796296296296E+01 +1.574074074074E+01 +5.123456790123E+00 
+1.191358024691E+01 +1.919753086420E+01 +2.078189300412E+00 +2.788065843621E+01 +2.405349794239E+01 +2.393004115226E+01 
+1.442386831276E+01 +1.255144032922E+00 +1.911522633745E+01 +1.652263374486E+01 +1.631687242798E+01 +2.726337448560E+01 
+2.685185185185E+01 +1.129629629630E+01 +2.578189300412E+01 +1.853909465021E+01 +2.483539094650E+01 +5.246913580247E+00 
+2.487654320988E+01 +1.586419753086E+01 +2.936213991770E+01 +2.034979423868E+01 +1.347736625514E+01 +7.592592592593E+00 
+2.137860082305E+01 +2.471193415638E+01 +5.452674897119E+00 +2.796296296296E+01 +8.703703703704E+00 +2.479423868313E+01 
+2.146090534979E+01 +2.742798353909E+01 +4.958847736626E+00 +6.234567901235E+00 +2.681069958848E+01 +1.388888888889E+01 
+2.942386831276E+00 +2.232510288066E+01 +2.413580246914E+01 +1.524691358025E+01 +2.072016460905E+01 +8.950617283951E+00 
+8.909465020576E+00 +9.979423868313E+00 +9.670781893004E-01 +6.646090534979E+00 +2.734567901235E+01 +2.948559670782E+01 
+4.732510288066E-01 +2.170781893004E+01 +1.697530864198E+01 +2.841563786008E+01 +1.569958847737E+01 +3.930041152263E+00 
+1.862139917695E+01 +2.002057613169E+01 +1.339506172840E+01 +2.820987654321E+01 +1.537037037037E+01 +1.277777777778E+01 
+2.652263374486E+01 +1.376543209877E+01 +3.353909465021E+00 +2.405349794239E+01 +1.090534979424E+00 +8.251028806584E+00 
+1.253086419753E+01 +2.388888888889E+01 +2.199588477366E+01 +3.518518518519E+00 +2.606995884774E+01 +1.792181069959E+01 
+1.755144032922E+01 +5.329218106996E+00 +1.228395061728E+01 +2.096707818930E+01 +5.411522633745E+00 +2.160493827160E+00 
+6.975308641975E+00 +1.290123456790E+01 +1.625514403292E+00 +2.010288065844E+01 +1.084362139918E+01 +2.384773662551E+01 
+1.656378600823E+01 +2.479423868313E+01 +3.641975308642E+00 +1.849794238683E+01 +2.355967078189E+01 +9.259259259259E-01 
+8.209876543210E+00 +3.497942386831E-01 +2.273662551440E+01 +1.183127572016E+01 +5.617283950617E+00 +1.771604938272E+01 
+2.944444444444E+01 +5.000000000000E+00 +2.973251028807E+01 +2.960905349794E+01 +2.104938271605E+01 +1.890946502058E+01 
+1.255144032922E+00 +9.403292181070E+00 +9.650205761317E+00 +2.973251028807E+01 +2.901234567901E+00 +2.816872427984E+01 
+1.965020576132E+01 +2.055555555556E+01 +1.954732510288E+00 +3.683127572016E+00 +5.205761316872E+00 +1.812757201646E+01 
+8.333333333333E+00 +8.436213991770E-01 +1.224279835391E+01 +2.393004115226E+01 +1.479423868313E+01 +3.909465020576E-01 
+2.919753086420E+01 +2.713991769547E+01 +2.952674897119E+01 +5.123456790123E+00 +1.676954732510E+01 +1.483539094650E+01 
+1.973251028807E+01 +2.672839506173E+01 +1.997942386831E+01 +2.800411522634E+01 +2.942386831276E+00 +1.995884773663E+00 
+2.886831275720E+01 +1.502057613169E+00 +2.907407407407E+01 +2.532921810700E+01 +1.467078189300E+01 +2.117283950617E+01 
+9.403292181070E+00 +2.201646090535E+00 +1.648148148148E+01 +1.755144032922E+01 +8.045267489712E+00 +7.469135802469E+00 
+6.481481481481E+00 +2.736625514403E+00 +1.462962962963E+01 +3.477366255144E+00 +1.228395061728E+01 +1.602880658436E+01 
+2.158436213992E+01 +2.942386831276E+00 +2.121399176955E+01 +2.059670781893E+01 +2.578189300412E+01 +4.382716049383E+00 
+1.425925925926E+01 +2.932098765432E+01 +2.063786008230E+01 +6.728395061728E+00 +8.580246913580E+00 +8.415637860082E+00 
+1.919753086420E+01 +2.141975308642E+01 +2.512345679012E+01 +1.355967078189E+01 +1.557613168724E+01 +1.742798353909E+01 
+2.759259259259E+01 +1.845679012346E+01 +2.808641975309E+01 +1.862139917695E+01 +4.382716049383E+00 +9.670781893004E-01 
+3.024691358025E+00 +1.327160493827E+01 +2.899176954733E+01 +1.872427983539E+00 +1.858024691358E+01 +1.446502057613E+01 
+2.767489711934E+01 +1.615226337449E+01 +1.487654320988E+01 +2.545267489712E+01 +1.500000000000E+01 +1.211934156379E+01 
+8.868312757202E+00 +2.718106995885E+01 +2.150205761317E+01 +2.586419753086E+01 +1.635802469136E+01 +1.748971193416E+00 
+1.952674897119E+01 +7.551440329218E+00 +1.639917695473E+01 +1.248971193416E+01 +1.940329218107E+01 +1.940329218107E+01 
+1.121399176955E+01 +2.767489711934E+01 +1.742798353909E+01 +1.672839506173E+01 +1.294238683128E+01 +2.376543209877E+01 
+2.133744855967E+01 +1.273662551440E+01 +2.109053497942E+01 +1.779835390947E+01 +3.909465020576E-01 +9.814814814815E+00 
+2.689300411523E+01 +4.320987654321E-01 +1.915637860082E+01 +1.689300411523E+01 +1.965020576132E+01 +1.520576131687E+01 
+2.648148148148E+01 +2.685185185185E+01 +2.985596707819E+01 +2.327160493827E+01 +4.732510288066E-01 +2.051440329218E+01 
+1.286008230453E+01 +1.355967078189E+01 +1.502057613169E+00 +2.853909465021E+01 +2.965020576132E+01 +1.302469135802E+01 
+7.510288065844E+00 +1.751028806584E+01 +1.520576131687E+01 +3.847736625514E+00 +2.298353909465E+01 +2.438271604938E+01 
+1.833333333333E+01 +2.119341563786E+00 +1.337448559671E+00 +2.989711934156E+01 +1.502057613169E+00 +2.742798353909E+01 
+6.563786008230E+00 +1.878600823045E+01 +9.259259259259E-01 +1.199588477366E+01 +1.660493827160E+01 +2.286008230453E+01 
+1.220164609053E+01 +2.407407407407E+00 +9.897119341564E+00 +1.296296296296E+00 +5.576131687243E+00 +2.553497942387E+01 
+2.121399176955E+01 +2.076131687243E+01 +2.174897119342E+01 +2.512345679012E+01 +1.582304526749E+01 +1.516460905350E+01 
+2.080246913580E+01 +2.944444444444E+01 +4.300411522634E+00 +1.417695473251E+01 +2.302469135802E+01 +2.767489711934E+01 
+1.516460905350E+01 +6.193415637860E+00 +9.197530864198E+00 +2.734567901235E+01 +1.255144032922E+00 +1.327160493827E+01 
+1.018518518519E+01 +7.880658436214E+00 +8.827160493827E+00 +5.823045267490E+00 +3.518518518519E+00 +2.022633744856E+01 
+4.465020576132E+00 +1.051440329218E+01 +1.611111111111E+01 +1.833333333333E+01 +2.037037037037E+00 +6.687242798354E+00 
+3.436213991770E+00 +2.146090534979E+01 +2.475308641975E+01 +9.938271604938E+00 +2.063786008230E+01 +1.569958847737E+01 
+2.578189300412E+01 +8.456790123457E+00 +7.757201646091E+00 +4.588477366255E+00 +9.279835390947E+00 +7.613168724280E-01 
+7.098765432099E+00 +5.576131687243E+00 +1.055555555556E+01 +1.442386831276E+01 +2.067901234568E+01 +1.286008230453E+01 
+4.629629629630E+00 +2.059670781893E+01 +2.771604938272E+01 +1.172839506173E+00 +1.022633744856E+01 +8.004115226337E+00 
+9.938271604938E+00 +1.619341563786E+01 +1.355967078189E+01 +8.539094650206E+00 +2.269547325103E+01 +1.248971193416E+01 
+2.965020576132E+01 +8.621399176955E+00 +4.876543209877E+00 +2.590534979424E+01 +2.034979423868E+01 +1.730452674897E+01 
+1.748971193416E+00 +2.057613168724E-02 +2.195473251029E+01 +1.207818930041E+01 +1.261316872428E+01 +4.053497942387E+00 
+2.047325102881E+01 +1.742798353909E+01 +2.676954732510E+01 +1.331275720165E+01 +2.263374485597E-01 +4.588477366255E+00 
+3.189300411523E+00 +4.094650205761E+00 +1.672839506173E+01 +1.430041152263E+01 +1.841563786008E+01 +1.158436213992E+01 
+1.969135802469E+01 +1.084362139918E+01 +1.730452674897E+01 +1.166666666667E+01 +2.057613168724E-02 +3.497942386831E-01 
+2.590534979424E+01 +6.275720164609E+00 +4.835390946502E+00 +8.292181069959E+00 +2.018518518519E+01 +1.956790123457E+01 
+4.506172839506E+00 +2.989711934156E+01 +8.024691358025E-01 +2.483539094650E+01 +2.430041152263E+01 +2.129629629630E+01 
+1.676954732510E+01 +5.864197530864E+00 +6.358024691358E+00 +2.705761316872E+01 +2.572016460905E+00 +1.487654320988E+01 
+2.572016460905E+00 +2.965020576132E+01 +2.736625514403E+00 +2.043209876543E+01 +1.796296296296E+01 +2.298353909465E+01 
+1.487654320988E+01 +1.872427983539E+00 +4.176954732510E+00 +2.730452674897E+01 +2.923868312757E+01 +9.362139917695E+00 
+1.318930041152E+01 +2.594650205761E+01 +1.796296296296E+01 +1.384773662551E+01 +2.092592592593E+01 +2.417695473251E+01 
+2.191358024691E+01 +1.450617283951E+01 +2.660493827160E+01 +8.456790123457E+00 +1.952674897119E+01 +1.763374485597E+01 
+2.825102880658E+01 +1.960905349794E+01 +4.094650205761E+00 +2.006172839506E+01 +1.125514403292E+01 +1.438271604938E+01 
+2.281893004115E+01 +2.977366255144E+01 +2.648148148148E+01 +1.890946502058E+01 +1.709876543210E+01 +2.109053497942E+01 
+2.273662551440E+01 +2.467078189300E+01 +2.816872427984E+01 +2.985596707819E+01 +1.664609053498E+01 +1.495884773663E+01 
+2.783950617284E+01 +2.833333333333E+01 +6.234567901235E+00 +1.372427983539E+01 +2.100823045267E+01 +2.141975308642E+01 
+6.111111111111E+00 +2.380658436214E+01 +2.674897119342E-01 +8.950617283951E+00 +1.104938271605E+01 +9.032921810700E+00 
+4.341563786008E+00 +2.475308641975E+01 +1.002057613169E+01 +1.010288065844E+01 +1.207818930041E+01 +1.154320987654E+01 
+1.993827160494E+01 +2.695473251029E+00 +8.333333333333E+00 +1.051440329218E+01 +2.738683127572E+01 +5.864197530864E+00 
+1.154320987654E+01 +2.648148148148E+01 +1.989711934156E+01 +7.304526748971E+00 +5.288065843621E+00 +3.436213991770E+00 
+2.602880658436E+01 +1.146090534979E+01 +2.339506172840E+01 +2.203703703704E+01 +1.594650205761E+01 +1.512345679012E+01 
+2.969135802469E+01 +8.950617283951E+00 +2.372427983539E+01 +3.065843621399E+00 +2.751028806584E+01 +1.927983539095E+01 
+2.862139917695E+01 +5.041152263374E+00 +5.658436213992E+00 +8.004115226337E+00 +3.600823045267E+00 +2.862139917695E+01 
+5.370370370370E+00 +2.037037037037E+00 +3.477366255144E+00 +2.993827160494E+01 +2.195473251029E+01 +2.248971193416E+01 
+1.162551440329E+01 +2.039094650206E+01 +1.977366255144E+01 +1.594650205761E+01 +1.034979423868E+01 +2.907407407407E+01 
+1.960905349794E+01 +1.969135802469E+01 +6.172839506173E-02 +1.763374485597E+01 +2.133744855967E+01 +1.125514403292E+01 
+2.907407407407E+01 +1.997942386831E+01 +1.582304526749E+01 +6.378600823045E-01 +3.312757201646E+00 +2.965020576132E+01 
+1.026748971193E+01 +2.777777777778E+00 +9.567901234568E+00 +1.800411522634E+01 +1.216049382716E+01 +6.378600823045E-01 
+1.635802469136E+01 +1.028806584362E-01 +1.314814814815E+01 +2.878600823045E+01 +1.923868312757E+01 +9.979423868313E+00 
+1.804526748971E+01 +1.602880658436E+01 +7.016460905350E+00 +7.880658436214E+00 +3.086419753086E-01 +2.084362139918E+01 
+1.981481481481E+01 +2.335390946502E+01 +1.660493827160E+01 +1.096707818930E+01 +4.835390946502E+00 +1.981481481481E+01 
+1.372427983539E+01 +4.423868312757E+00 +2.508230452675E+01 +1.360082304527E+01 +2.446502057613E+01 +2.829218106996E+01 
+2.726337448560E+01 +2.294238683128E+01 +2.977366255144E+01 +2.240740740741E+01 +1.919753086420E+01 +1.862139917695E+01 
+1.158436213992E+01 +1.125514403292E+01 +1.748971193416E+00 +1.541152263374E+01 +2.129629629630E+01 +2.734567901235E+01 
+8.436213991770E-01 +1.430041152263E+01 +2.561728395062E+01 +1.598765432099E+01 +4.094650205761E+00 +2.425925925926E+01 
+1.458847736626E+01 +1.104938271605E+01 +2.261316872428E+01 +2.160493827160E+00 +1.405349794239E+01 +2.818930041152E+00 
+7.757201646091E+00 +8.909465020576E+00 +1.257201646091E+01 +2.997942386831E+01 +2.664609053498E+01 +2.281893004115E+01 
+8.703703703704E+00 +4.341563786008E+00 +9.444444444444E+00 +1.446502057613E+01 +1.372427983539E+01 +9.897119341564E+00 
+4.835390946502E+00 +1.372427983539E+01 +2.983539094650E+00 +1.932098765432E+01 +7.551440329218E+00 +3.477366255144E+00 
+8.086419753086E+00 +1.648148148148E+01 +1.631687242798E+01 +2.248971193416E+01 +2.825102880658E+01 +2.977366255144E+01 
+7.345679012346E+00 +4.835390946502E+00 +1.668724279835E+01 +2.407407407407E+00 +1.067901234568E+01 +2.057613168724E-02 
+2.870370370370E+01 +5.967078189300E-01 +1.919753086420E+01 +2.615226337449E+01 +2.393004115226E+01 +1.623456790123E+01 
+6.810699588477E+00 +2.174897119342E+01 +1.417695473251E+01 +9.238683127572E+00 +8.374485596708E+00 +1.360082304527E+01 
+1.746913580247E+01 +2.286008230453E+01 +2.244855967078E+01 +2.335390946502E+01 +2.002057613169E+01 +2.858024691358E+01 
+2.557613168724E+01 +8.024691358025E-01 +2.022633744856E+01 +7.674897119342E+00 +2.722222222222E+01 +7.757201646091E+00 
+2.997942386831E+01 +1.718106995885E+01 +1.090534979424E+00 +9.897119341564E+00 +1.195473251029E+01 +2.944444444444E+01 
+8.621399176955E+00 +1.170781893004E+01 +7.386831275720E+00 +2.158436213992E+01 +1.685185185185E+01 +1.337448559671E+00 
+7.633744855967E+00 +2.812757201646E+01 +2.092592592593E+01 +1.393004115226E+01 +2.327160493827E+01 +1.331275720165E+01 
+2.903292181070E+01 +2.273662551440E+01 +2.594650205761E+01 +1.255144032922E+00 +1.775720164609E+01 +8.024691358025E-01 
+1.306584362140E+01 +2.347736625514E+01 +2.818930041152E+00 +2.693415637860E+01 +5.082304526749E+00 +1.170781893004E+01 
+5.246913580247E+00 +1.141975308642E+01 +2.409465020576E+01 +8.333333333333E+00 +2.162551440329E+01 +2.351851851852E+01 
+2.796296296296E+01 +2.973251028807E+01 +2.113168724280E+01 +2.623456790123E+01 +2.495884773663E+01 +2.232510288066E+01 
+5.576131687243E+00 +7.798353909465E+00 +2.942386831276E+00 +5.411522633745E+00 +2.890946502058E+01 +5.082304526749E+00 
+2.039094650206E+01 +1.281893004115E+01 +3.518518518519E+00 +4.259259259259E+00 +4.053497942387E+00 +8.786008230453E+00 
+1.685185185185E+01 +2.890946502058E+01 +1.705761316872E+01 +1.253086419753E+01 +8.950617283951E+00 +1.500000000000E+01 
+2.993827160494E+01 +1.672839506173E+01 +6.028806584362E+00 +2.837448559671E+01 +1.014403292181E+01 +2.969135802469E+01 
+1.257201646091E+01 +1.043209876543E+01 +6.563786008230E+00 +4.794238683128E+00 +7.592592592593E+00 +2.528806584362E+01 
+2.360082304527E+01 +2.981481481481E+01 +4.917695473251E+00 +1.504115226337E+01 +8.209876543210E+00 +2.619341563786E+01 
+2.672839506173E+01 +1.277777777778E+01 +1.191358024691E+01 +2.767489711934E+01 +9.691358024691E+00 +2.648148148148E+01 
+1.076131687243E+01 +7.921810699588E+00 +2.397119341564E+01 +3.806584362140E+00 +1.623456790123E+01 +2.983539094650E+00 
+7.263374485597E+00 +1.339506172840E+01 +9.156378600823E+00 +1.170781893004E+01 +1.458847736626E+01 +1.672839506173E+01 
+1.639917695473E+01 +1.993827160494E+01 +7.551440329218E+00 +2.306584362140E+01 +1.343621399177E+01 +7.633744855967E+00 
+1.504115226337E+01 +1.915637860082E+01 +1.154320987654E+01 +5.617283950617E+00 +2.997942386831E+01 +2.779835390947E+01 
+2.668724279835E+01 +9.320987654321E+00 +1.874485596708E+01 +9.732510288066E+00 +2.899176954733E+01 +1.829218106996E+01 
+1.440329218107E-01 +9.444444444444E+00 +2.532921810700E+01 +2.775720164609E+01 +1.331275720165E+01 +3.148148148148E+00 
+5.823045267490E+00 +2.586419753086E+01 +7.263374485597E+00 +2.179012345679E+01 +1.327160493827E+01 +2.886831275720E+01 
+2.932098765432E+01 +2.788065843621E+01 +8.127572016461E+00 +2.969135802469E+01 +5.370370370370E+00 +1.462962962963E+01 
+2.141975308642E+01 +2.417695473251E+01 +5.144032921811E-01 +2.755144032922E+01 +1.154320987654E+01 +8.045267489712E+00 
+2.454732510288E+01 +1.954732510288E+00 +2.448559670782E+00 +2.701646090535E+01 +2.615226337449E+01 +2.273662551440E+01 
+1.277777777778E+01 +1.351851851852E+01 +2.495884773663E+01 +1.775720164609E+01 +7.427983539095E+00 +8.292181069959E+00 
+2.366255144033E+00 +2.886831275720E+01 +5.864197530864E+00 +1.028806584362E-01 +6.275720164609E+00 +1.417695473251E+01 
+2.119341563786E+00 +1.890946502058E+01 +1.993827160494E+01 +1.306584362140E+01 +5.823045267490E+00 +2.623456790123E+01 
+1.296296296296E+00 +6.316872427984E+00 +2.755144032922E+01 +5.041152263374E+00 +2.569958847737E+01 +2.537037037037E+01 
+6.172839506173E-02 +2.664609053498E+01 +2.602880658436E+01 +2.368312757202E+01 +4.423868312757E+00 +4.753086419753E+00 
+1.331275720165E+01 +4.732510288066E-01 +1.059670781893E+01 +2.314814814815E+01 +1.002057613169E+01 +1.993827160494E+01 
+8.827160493827E+00 +2.500000000000E+01 +8.909465020576E+00 +2.224279835391E+01 +5.987654320988E+00 +1.606995884774E+01 
+2.989711934156E+01 +8.292181069959E+00 +1.985596707819E+01 +1.508230452675E+01 +5.123456790123E+00 +2.919753086420E+01 
+2.104938271605E+01 +5.493827160494E+00 +1.973251028807E+01 +1.100823045267E+01 +2.911522633745E+01 +4.176954732510E+00 
+2.833333333333E+01 +2.125514403292E+01 +2.430041152263E+01 +2.261316872428E+01 +2.919753086420E+01 +5.370370370370E+00 
+6.769547325103E+00 +1.882716049383E+01 +2.454732510288E+01 +9.259259259259E-01 +2.211934156379E+01 +8.827160493827E+00 
+2.936213991770E+01 +2.067901234568E+01 +1.129629629630E+01 +2.981481481481E+01 +2.244855967078E+01 +1.339506172840E+01 
+2.804526748971E+01 +2.915637860082E+01 +1.500000000000E+01 +2.242798353909E+00 +1.985596707819E+01 +1.615226337449E+01 
+1.109053497942E+01 +2.253086419753E+01 +6.481481481481E+00 +8.621399176955E+00 +3.971193415638E+00 +1.584362139918E+00 
+2.283950617284E+00 +2.858024691358E+01 +1.722222222222E+01 +2.504115226337E+01 +1.602880658436E+01 +2.331275720165E+01 
+1.047325102881E+01 +1.034979423868E+01 +7.201646090535E-01 +1.022633744856E+01 +9.526748971193E+00 +8.909465020576E+00 
+2.034979423868E+01 +5.246913580247E+00 +1.425925925926E+01 +1.347736625514E+01 +1.625514403292E+00 +1.960905349794E+01 
+2.545267489712E+01 +2.026748971193E+01 +1.532921810700E+01 +4.012345679012E+00 +3.806584362140E+00 +2.812757201646E+01 
+1.541152263374E+01 +2.841563786008E+01 +1.446502057613E+01 +6.893004115226E+00 +2.960905349794E+01 +1.047325102881E+01 
+1.512345679012E+01 +5.123456790123E+00 +3.230452674897E+00 +6.810699588477E+00 +6.687242798354E+00 +1.759259259259E+01 
+9.567901234568E+00 +2.656378600823E+01 +2.862139917695E+01 +2.199588477366E+01 +7.139917695473E+00 +5.576131687243E+00 
+9.115226337449E+00 +6.646090534979E+00 +1.479423868313E+01 +2.862139917695E+01 +9.567901234568E+00 +2.899176954733E+01 
+1.831275720165E+00 +2.343621399177E+01 +1.693415637860E+01 +2.088477366255E+01 +2.705761316872E+01 +5.205761316872E+00 
+1.446502057613E+01 +2.162551440329E+01 +7.633744855967E+00 +4.876543209877E+00 +2.668724279835E+01 +2.119341563786E+00 
+3.148148148148E+00 +1.378600823045E+00 +2.366255144033E+00 +2.030864197531E+01 +1.790123456790E+00 +1.100823045267E+01 
+1.419753086420E+00 +3.847736625514E+00 +2.763374485597E+01 +2.026748971193E+01 +1.051440329218E+01 +1.652263374486E+01 
+2.450617283951E+01 +1.090534979424E+00 +4.506172839506E+00 +1.960905349794E+01 +1.117283950617E+01 +2.047325102881E+01 
+1.141975308642E+01 +1.440329218107E-01 +2.347736625514E+01 +2.644032921811E+01 +1.314814814815E+01 +7.716049382716E+00 
+2.530864197531E+00 +1.709876543210E+01 +9.362139917695E+00 +1.462962962963E+01 +1.524691358025E+01 +2.960905349794E+01 
+2.364197530864E+01 +2.541152263374E+01 +2.644032921811E+01 +1.475308641975E+01 +2.314814814815E+01 +1.969135802469E+01 
+2.043209876543E+01 +1.825102880658E+01 +2.627572016461E+01 +1.434156378601E+01 +1.565843621399E+01 +1.051440329218E+01 
+2.771604938272E+01 +2.882716049383E+01 +1.401234567901E+01 +6.563786008230E+00 +2.160493827160E+00 +1.713991769547E+01 
+2.960905349794E+01 +1.504115226337E+01 +3.971193415638E+00 +1.080246913580E+01 +1.997942386831E+01 +3.312757201646E+00 
+2.853909465021E+01 +2.825102880658E+01 +5.288065843621E+00 +1.286008230453E+01 +1.483539094650E+01 +1.296296296296E+00 
+5.967078189300E-01 +2.853909465021E+01 +1.759259259259E+01 +3.765432098765E+00 +9.814814814815E+00 +7.880658436214E+00 
+1.261316872428E+01 +2.751028806584E+01 +1.302469135802E+01 +1.969135802469E+01 +2.532921810700E+01 +6.851851851852E+00 
+6.604938271605E+00 +2.532921810700E+01 +5.617283950617E+00 +2.228395061728E+01 +2.849794238683E+01 +3.086419753086E-01 
+4.753086419753E+00 +2.158436213992E+01 +1.207818930041E+01 +1.302469135802E+01 +2.586419753086E+01 +1.269547325103E+01 
+1.028806584362E-01 +1.360082304527E+01 +1.351851851852E+01 +2.331275720165E+01 +3.641975308642E+00 +5.164609053498E+00 
+3.518518518519E+00 +2.734567901235E+01 +1.440329218107E-01 +3.106995884774E+00 +2.335390946502E+01 +1.397119341564E+01 
+1.450617283951E+01 +2.137860082305E+01 +2.932098765432E+01 +2.047325102881E+01 +2.860082304527E+00 +1.421810699588E+01 
+2.895061728395E+01 +1.269547325103E+01 +1.179012345679E+01 +5.000000000000E+00 +1.179012345679E+01 +1.378600823045E+00 
+5.493827160494E+00 +1.211934156379E+01 +1.845679012346E+01 +2.858024691358E+01 +1.520576131687E+01 +2.290123456790E+01 
+1.355967078189E+01 +2.281893004115E+01 +1.664609053498E+01 +1.726337448560E+01 +9.609053497942E+00 +3.600823045267E+00 
+1.438271604938E+01 +3.086419753086E-01 +2.833333333333E+01 +1.666666666667E+00 +3.189300411523E+00 +8.703703703704E+00 
+1.430041152263E+01 +2.495884773663E+01 +1.281893004115E+01 +1.454732510288E+01 +1.170781893004E+01 +2.454732510288E+01 
+2.166666666667E+01 +2.705761316872E+01 +9.773662551440E+00 +7.098765432099E+00 +1.368312757202E+01 +1.808641975309E+01 
+2.849794238683E+01 +1.606995884774E+01 +1.133744855967E+01 +3.312757201646E+00 +2.800411522634E+01 +1.347736625514E+01 
+2.746913580247E+01 +2.084362139918E+01 +1.960905349794E+01 +5.555555555556E-01 +1.355967078189E+01 +2.541152263374E+01 
+8.374485596708E+00 +1.923868312757E+01 +1.689300411523E+01 +8.436213991770E-01 +1.306584362140E+01 +2.364197530864E+01 
+4.917695473251E+00 +1.590534979424E+01 +1.565843621399E+01 +9.032921810700E+00 +6.234567901235E+00 +2.751028806584E+01 
+8.127572016461E+00 +2.043209876543E+01 +1.718106995885E+01 +1.981481481481E+01 +1.707818930041E+00 +2.718106995885E+01 
+8.045267489712E+00 +1.076131687243E+01 +2.895061728395E+01 +1.709876543210E+01 +2.051440329218E+01 +6.790123456790E-01 
+1.899176954733E+01 +2.072016460905E+01 +1.956790123457E+01 +1.310699588477E+01 +2.026748971193E+01 +2.343621399177E+01 
+2.734567901235E+01 +1.172839506173E+00 +7.469135802469E+00 +2.792181069959E+01 +1.096707818930E+01 +5.740740740741E+00 
+1.948559670782E+01 +1.417695473251E+01 +2.133744855967E+01 +2.454732510288E+01 +1.874485596708E+01 +7.222222222222E+00 
+6.275720164609E+00 +2.549382716049E+01 +3.189300411523E+00 +5.144032921811E-01 +2.409465020576E+01 +2.903292181070E+01 
+1.236625514403E+01 +4.300411522634E+00 +1.936213991770E+01 +2.323045267490E+01 +7.222222222222E+00 +5.617283950617E+00 
+1.619341563786E+01 +1.039094650206E+01 +1.475308641975E+01 +2.874485596708E+01 +1.561728395062E+01 +2.010288065844E+01 
+1.413580246914E+01 +4.465020576132E+00 +5.164609053498E+00 +8.991769547325E+00 +2.113168724280E+01 +9.691358024691E+00 
+2.569958847737E+01 +2.434156378601E+01 +1.981481481481E+01 +1.681069958848E+01 +1.337448559671E+00 +1.092592592593E+01 
+1.388888888889E+01 +2.195473251029E+01 +1.681069958848E+01 +8.580246913580E+00 +2.674897119342E-01 +1.166666666667E+01 
+1.779835390947E+01 +1.508230452675E+01 +9.814814814815E+00 +1.008230452675E+00 +1.615226337449E+01 +2.240740740741E+01 
+2.594650205761E+01 +2.129629629630E+01 +7.839506172840E+00 +1.236625514403E+01 +6.604938271605E+00 +2.366255144033E+00 
+1.008230452675E+00 +1.421810699588E+01 +2.613168724280E+00 +2.286008230453E+01 +1.800411522634E+01 +2.557613168724E+01 
+1.327160493827E+01 +1.483539094650E+01 +2.006172839506E+01 +2.364197530864E+01 +3.930041152263E+00 +2.174897119342E+01 
+2.520576131687E+01 +2.956790123457E+01 +2.201646090535E+00 +2.339506172840E+01 +6.481481481481E+00 +2.849794238683E+01 
+1.273662551440E+01 +2.763374485597E+01 +7.798353909465E+00 +1.502057613169E+00 +9.650205761317E+00 +3.724279835391E+00 
+3.806584362140E+00 +9.855967078189E+00 +2.997942386831E+01 +8.868312757202E+00 +1.611111111111E+01 +2.467078189300E+01 
+1.726337448560E+01 +1.314814814815E+01 +2.302469135802E+01 +6.440329218107E+00 +2.088477366255E+01 +1.129629629630E+01 
+1.954732510288E+00 +2.421810699588E+01 +2.751028806584E+01 +1.722222222222E+01 +5.740740740741E+00 +1.767489711934E+01 
+1.421810699588E+01 +1.639917695473E+01 +2.965020576132E+01 +1.611111111111E+01 +9.320987654321E+00 +1.059670781893E+01 
+1.615226337449E+01 +3.971193415638E+00 +2.203703703704E+01 +2.763374485597E+01 +1.644032921811E+01 +8.436213991770E-01 
