#YY  MM DD hh mm ss T   HEIGHT
#yr  mo dy hr mn  s -      m
2011 03 12 03 59 00 2 4709.104
2011 03 12 03 58 00 2 4709.103
2011 03 12 03 57 00 2 4709.101
2011 03 12 03 56 00 2 4709.105
2011 03 12 03 55 00 2 4709.105
2011 03 12 03 54 00 2 4709.120
2011 03 12 03 53 00 2 4709.127
2011 03 12 03 52 00 2 4709.132
2011 03 12 03 51 00 2 4709.147
2011 03 12 03 50 00 2 4709.159
2011 03 12 03 49 00 2 4709.154
2011 03 12 03 48 00 2 4709.151
2011 03 12 03 47 00 2 4709.156
2011 03 12 03 46 00 2 4709.154
2011 03 12 03 45 00 2 4709.141
2011 03 12 03 45 00 1 9999.000
2011 03 12 03 44 00 2 4709.133
2011 03 12 03 43 00 2 4709.129
2011 03 12 03 42 00 2 4709.112
2011 03 12 03 41 00 2 4709.102
2011 03 12 03 40 00 2 4709.100
2011 03 12 03 39 00 2 4709.098
2011 03 12 03 38 00 2 4709.097
2011 03 12 03 37 00 2 4709.090
2011 03 12 03 36 00 2 4709.077
2011 03 12 03 35 00 2 4709.071
2011 03 12 03 34 00 2 4709.066
2011 03 12 03 33 00 2 4709.074
2011 03 12 03 32 00 2 4709.080
2011 03 12 03 31 00 2 4709.081
2011 03 12 03 30 00 2 4709.086
2011 03 12 03 30 00 1 9999.000
2011 03 12 03 29 00 2 4709.082
2011 03 12 03 28 00 2 4709.086
2011 03 12 03 27 00 2 4709.100
2011 03 12 03 26 00 2 4709.109
2011 03 12 03 25 00 2 4709.107
2011 03 12 03 24 00 2 4709.098
2011 03 12 03 23 00 2 4709.098
2011 03 12 03 22 00 2 4709.092
2011 03 12 03 21 00 2 4709.088
2011 03 12 03 20 00 2 4709.095
2011 03 12 03 19 00 2 4709.096
2011 03 12 03 18 00 2 4709.100
2011 03 12 03 17 00 2 4709.092
2011 03 12 03 16 00 2 4709.083
2011 03 12 03 15 00 2 4709.079
2011 03 12 03 15 00 1 9999.000
2011 03 12 03 14 00 2 4709.086
2011 03 12 03 13 00 2 4709.075
2011 03 12 03 12 00 2 4709.068
2011 03 12 03 11 00 2 4709.068
2011 03 12 03 10 00 2 4709.055
2011 03 12 03 09 00 2 4709.062
2011 03 12 03 08 00 2 4709.062
2011 03 12 03 07 00 2 4709.061
2011 03 12 03 06 00 2 4709.063
2011 03 12 03 05 00 2 4709.064
2011 03 12 03 04 00 2 4709.061
2011 03 12 03 03 00 2 4709.069
2011 03 12 03 02 00 2 4709.076
2011 03 12 03 01 00 2 4709.066
2011 03 12 03 00 00 2 4709.074
2011 03 12 03 00 00 1 9999.000
2011 03 12 02 59 00 2 4709.075
2011 03 12 02 58 00 2 4709.068
2011 03 12 02 57 00 2 4709.065
2011 03 12 02 56 00 2 4709.064
2011 03 12 02 55 00 2 4709.056
2011 03 12 02 54 00 2 4709.055
2011 03 12 02 53 00 2 4709.056
2011 03 12 02 52 00 2 4709.058
2011 03 12 02 51 00 2 4709.063
2011 03 12 02 50 00 2 4709.062
2011 03 12 02 49 00 2 4709.060
2011 03 12 02 48 00 2 4709.066
2011 03 12 02 47 00 2 4709.077
2011 03 12 02 46 00 2 4709.069
2011 03 12 02 45 00 2 4709.063
2011 03 12 02 45 00 1 9999.000
2011 03 12 02 44 00 2 4709.064
2011 03 12 02 43 00 2 4709.063
2011 03 12 02 42 00 2 4709.077
2011 03 12 02 41 00 2 4709.079
2011 03 12 02 40 00 2 4709.069
2011 03 12 02 39 00 2 4709.072
2011 03 12 02 38 00 2 4709.073
2011 03 12 02 37 00 2 4709.075
2011 03 12 02 36 00 2 4709.073
2011 03 12 02 35 00 2 4709.068
2011 03 12 02 34 00 2 4709.069
2011 03 12 02 33 00 2 4709.070
2011 03 12 02 32 00 2 4709.067
2011 03 12 02 31 00 2 4709.077
2011 03 12 02 30 00 2 4709.078
2011 03 12 02 30 00 1 9999.000
2011 03 12 02 29 00 2 4709.084
2011 03 12 02 28 00 2 4709.076
2011 03 12 02 27 00 2 4709.071
2011 03 12 02 26 00 2 4709.089
2011 03 12 02 25 00 2 4709.094
2011 03 12 02 24 00 2 4709.102
2011 03 12 02 23 00 2 4709.103
2011 03 12 02 22 00 2 4709.096
2011 03 12 02 21 00 2 4709.104
2011 03 12 02 20 00 2 4709.105
2011 03 12 02 19 00 2 4709.090
2011 03 12 02 18 00 2 4709.085
2011 03 12 02 17 00 2 4709.091
2011 03 12 02 16 00 2 4709.094
2011 03 12 02 15 00 2 4709.096
2011 03 12 02 15 00 1 9999.000
2011 03 12 02 14 00 2 4709.095
2011 03 12 02 13 00 2 4709.094
2011 03 12 02 12 00 2 4709.081
2011 03 12 02 11 00 2 4709.071
2011 03 12 02 10 00 2 4709.076
2011 03 12 02 09 00 2 4709.069
2011 03 12 02 08 00 2 4709.064
2011 03 12 02 07 00 2 4709.076
2011 03 12 02 06 00 2 4709.073
2011 03 12 02 05 00 2 4709.075
2011 03 12 02 04 00 2 4709.087
2011 03 12 02 03 00 2 4709.098
2011 03 12 02 02 00 2 4709.098
2011 03 12 02 01 00 2 4709.107
2011 03 12 02 00 00 2 4709.097
2011 03 12 02 00 00 1 9999.000
2011 03 12 01 59 45 2 4709.091
2011 03 12 01 59 00 2 4709.091
2011 03 12 01 58 45 2 4709.094
2011 03 12 01 58 00 2 4709.094
2011 03 12 01 57 45 2 4709.093
2011 03 12 01 57 00 2 4709.093
2011 03 12 01 56 45 2 4709.084
2011 03 12 01 56 00 2 4709.084
2011 03 12 01 55 45 2 4709.077
2011 03 12 01 55 00 2 4709.077
2011 03 12 01 54 45 2 4709.079
2011 03 12 01 54 00 2 4709.079
2011 03 12 01 53 45 2 4709.079
2011 03 12 01 53 00 2 4709.079
2011 03 12 01 52 45 2 4709.080
2011 03 12 01 52 00 2 4709.080
2011 03 12 01 51 45 2 4709.076
2011 03 12 01 51 00 2 4709.076
2011 03 12 01 50 45 2 4709.077
2011 03 12 01 50 00 2 4709.077
2011 03 12 01 49 45 2 4709.082
2011 03 12 01 49 00 2 4709.082
2011 03 12 01 48 45 2 4709.090
2011 03 12 01 48 00 2 4709.090
2011 03 12 01 47 45 2 4709.098
2011 03 12 01 47 00 2 4709.098
2011 03 12 01 46 45 2 4709.091
2011 03 12 01 46 00 2 4709.091
2011 03 12 01 45 45 2 4709.081
2011 03 12 01 45 00 2 4709.081
2011 03 12 01 45 00 1 9999.000
2011 03 12 01 44 45 2 4709.090
2011 03 12 01 44 00 2 4709.090
2011 03 12 01 43 45 2 4709.102
2011 03 12 01 43 00 2 4709.102
2011 03 12 01 42 45 2 4709.101
2011 03 12 01 42 00 2 4709.101
2011 03 12 01 41 45 2 4709.097
2011 03 12 01 41 00 2 4709.097
2011 03 12 01 40 45 2 4709.106
2011 03 12 01 40 00 2 4709.106
2011 03 12 01 39 45 2 4709.104
2011 03 12 01 39 00 2 4709.104
2011 03 12 01 38 45 2 4709.082
2011 03 12 01 38 00 2 4709.082
2011 03 12 01 37 45 2 4709.086
2011 03 12 01 37 00 2 4709.086
2011 03 12 01 36 45 2 4709.093
2011 03 12 01 36 00 2 4709.093
2011 03 12 01 35 45 2 4709.093
2011 03 12 01 35 00 2 4709.093
2011 03 12 01 34 45 2 4709.097
2011 03 12 01 34 00 2 4709.097
2011 03 12 01 33 45 2 4709.099
2011 03 12 01 33 00 2 4709.099
2011 03 12 01 32 45 2 4709.100
2011 03 12 01 32 00 2 4709.100
2011 03 12 01 31 45 2 4709.117
2011 03 12 01 31 00 2 4709.117
2011 03 12 01 30 45 2 4709.126
2011 03 12 01 30 00 2 4709.126
2011 03 12 01 30 00 1 9999.000
2011 03 12 01 29 45 2 4709.130
2011 03 12 01 29 00 2 4709.130
2011 03 12 01 28 45 2 4709.121
2011 03 12 01 28 00 2 4709.121
2011 03 12 01 27 45 2 4709.124
2011 03 12 01 27 00 2 4709.124
2011 03 12 01 26 45 2 4709.132
2011 03 12 01 26 00 2 4709.132
2011 03 12 01 25 45 2 4709.132
2011 03 12 01 25 00 2 4709.132
2011 03 12 01 24 45 2 4709.140
2011 03 12 01 24 00 2 4709.140
2011 03 12 01 23 45 2 4709.151
2011 03 12 01 23 00 2 4709.151
2011 03 12 01 22 45 2 4709.142
2011 03 12 01 22 00 2 4709.142
2011 03 12 01 21 45 2 4709.142
2011 03 12 01 21 00 2 4709.142
2011 03 12 01 20 45 2 4709.151
2011 03 12 01 20 00 2 4709.151
2011 03 12 01 19 45 2 4709.151
2011 03 12 01 19 00 2 4709.151
2011 03 12 01 18 45 2 4709.142
2011 03 12 01 18 00 2 4709.142
2011 03 12 01 17 45 2 4709.141
2011 03 12 01 17 00 2 4709.141
2011 03 12 01 16 45 2 4709.151
2011 03 12 01 16 00 2 4709.151
2011 03 12 01 15 45 2 4709.160
2011 03 12 01 15 00 2 4709.160
2011 03 12 01 15 00 1 9999.000
2011 03 12 01 14 45 2 4709.179
2011 03 12 01 14 00 2 4709.179
2011 03 12 01 13 45 2 4709.183
2011 03 12 01 13 00 2 4709.183
2011 03 12 01 12 45 2 4709.181
2011 03 12 01 12 00 2 4709.181
2011 03 12 01 11 45 2 4709.176
2011 03 12 01 11 00 2 4709.176
2011 03 12 01 10 45 2 4709.172
2011 03 12 01 10 00 2 4709.172
2011 03 12 01 09 45 2 4709.175
2011 03 12 01 09 00 2 4709.175
2011 03 12 01 08 45 2 4709.162
2011 03 12 01 08 00 2 4709.162
2011 03 12 01 07 45 2 4709.165
2011 03 12 01 07 00 2 4709.165
2011 03 12 01 06 45 2 4709.168
2011 03 12 01 06 00 2 4709.168
2011 03 12 01 05 45 2 4709.172
2011 03 12 01 05 00 2 4709.172
2011 03 12 01 04 45 2 4709.187
2011 03 12 01 04 00 2 4709.187
2011 03 12 01 03 45 2 4709.200
2011 03 12 01 03 00 2 4709.200
2011 03 12 01 02 45 2 4709.190
2011 03 12 01 02 00 2 4709.190
2011 03 12 01 01 45 2 4709.171
2011 03 12 01 01 00 2 4709.171
2011 03 12 01 00 45 2 4709.171
2011 03 12 01 00 00 2 4709.171
2011 03 12 01 00 00 1 9999.000
2011 03 12 00 59 45 2 4709.166
2011 03 12 00 59 00 2 4709.166
2011 03 12 00 58 45 2 4709.170
2011 03 12 00 58 00 2 4709.170
2011 03 12 00 57 45 2 4709.189
2011 03 12 00 57 00 2 4709.189
2011 03 12 00 56 45 2 4709.200
2011 03 12 00 56 00 2 4709.200
2011 03 12 00 55 45 2 4709.201
2011 03 12 00 55 00 2 4709.201
2011 03 12 00 54 45 2 4709.199
2011 03 12 00 54 00 2 4709.199
2011 03 12 00 53 45 2 4709.201
2011 03 12 00 53 00 2 4709.201
2011 03 12 00 52 45 2 4709.205
2011 03 12 00 52 00 2 4709.205
2011 03 12 00 51 45 2 4709.197
2011 03 12 00 51 00 2 4709.197
2011 03 12 00 50 45 2 4709.188
2011 03 12 00 50 00 2 4709.188
2011 03 12 00 49 45 2 4709.191
2011 03 12 00 49 00 2 4709.191
2011 03 12 00 48 45 2 4709.201
2011 03 12 00 48 00 2 4709.201
2011 03 12 00 47 45 2 4709.205
2011 03 12 00 47 00 2 4709.205
2011 03 12 00 46 45 2 4709.188
2011 03 12 00 46 00 2 4709.188
2011 03 12 00 45 45 2 4709.182
2011 03 12 00 45 00 2 4709.182
2011 03 12 00 45 00 1 9999.000
2011 03 12 00 44 45 2 4709.187
2011 03 12 00 44 00 2 4709.187
2011 03 12 00 43 45 2 4709.197
2011 03 12 00 43 00 2 4709.197
2011 03 12 00 42 45 2 4709.204
2011 03 12 00 42 00 2 4709.204
2011 03 12 00 41 45 2 4709.194
2011 03 12 00 41 00 2 4709.194
2011 03 12 00 40 45 2 4709.197
2011 03 12 00 40 00 2 4709.197
2011 03 12 00 39 45 2 4709.201
2011 03 12 00 39 00 2 4709.201
2011 03 12 00 38 45 2 4709.204
2011 03 12 00 38 00 2 4709.204
2011 03 12 00 37 45 2 4709.205
2011 03 12 00 37 00 2 4709.205
2011 03 12 00 36 45 2 4709.199
2011 03 12 00 36 00 2 4709.199
2011 03 12 00 35 45 2 4709.217
2011 03 12 00 35 00 2 4709.217
2011 03 12 00 34 45 2 4709.227
2011 03 12 00 34 00 2 4709.227
2011 03 12 00 33 45 2 4709.210
2011 03 12 00 33 00 2 4709.210
2011 03 12 00 32 45 2 4709.220
2011 03 12 00 32 00 2 4709.220
2011 03 12 00 31 45 2 4709.238
2011 03 12 00 31 00 2 4709.238
2011 03 12 00 30 45 2 4709.242
2011 03 12 00 30 00 2 4709.242
2011 03 12 00 30 00 1 9999.000
2011 03 12 00 29 45 2 4709.245
2011 03 12 00 29 00 2 4709.245
2011 03 12 00 28 45 2 4709.249
2011 03 12 00 28 00 2 4709.249
2011 03 12 00 27 45 2 4709.243
2011 03 12 00 27 00 2 4709.243
2011 03 12 00 26 45 2 4709.243
2011 03 12 00 26 00 2 4709.243
2011 03 12 00 25 45 2 4709.251
2011 03 12 00 25 00 2 4709.251
2011 03 12 00 24 45 2 4709.256
2011 03 12 00 24 00 2 4709.256
2011 03 12 00 23 45 2 4709.257
2011 03 12 00 23 00 2 4709.257
2011 03 12 00 22 45 2 4709.265
2011 03 12 00 22 00 2 4709.265
2011 03 12 00 21 45 2 4709.275
2011 03 12 00 21 00 2 4709.275
2011 03 12 00 20 45 2 4709.273
2011 03 12 00 20 00 2 4709.273
2011 03 12 00 19 45 2 4709.275
2011 03 12 00 19 00 2 4709.275
2011 03 12 00 18 45 2 4709.275
2011 03 12 00 18 00 2 4709.275
2011 03 12 00 17 45 2 4709.269
2011 03 12 00 17 00 2 4709.269
2011 03 12 00 16 45 2 4709.271
2011 03 12 00 16 00 2 4709.271
2011 03 12 00 15 45 2 4709.289
2011 03 12 00 15 00 2 4709.289
2011 03 12 00 15 00 1 9999.000
2011 03 12 00 14 45 2 4709.297
2011 03 12 00 14 00 2 4709.297
2011 03 12 00 13 45 2 4709.287
2011 03 12 00 13 00 2 4709.287
2011 03 12 00 12 45 2 4709.302
2011 03 12 00 12 00 2 4709.302
2011 03 12 00 11 45 2 4709.309
2011 03 12 00 11 00 2 4709.309
2011 03 12 00 10 45 2 4709.303
2011 03 12 00 10 00 2 4709.303
2011 03 12 00 09 45 2 4709.288
2011 03 12 00 09 00 2 4709.288
2011 03 12 00 08 45 2 4709.268
2011 03 12 00 08 00 2 4709.268
2011 03 12 00 07 45 2 4709.272
2011 03 12 00 07 00 2 4709.272
2011 03 12 00 06 45 2 4709.278
2011 03 12 00 06 00 2 4709.278
2011 03 12 00 05 45 2 4709.285
2011 03 12 00 05 00 2 4709.285
2011 03 12 00 04 45 2 4709.287
2011 03 12 00 04 00 2 4709.287
2011 03 12 00 03 45 2 4709.297
2011 03 12 00 03 00 2 4709.297
2011 03 12 00 02 45 2 4709.295
2011 03 12 00 02 00 2 4709.295
2011 03 12 00 01 45 2 4709.296
2011 03 12 00 01 00 2 4709.296
2011 03 12 00 00 45 2 4709.312
2011 03 12 00 00 00 2 4709.312
2011 03 12 00 00 00 1 9999.000
2011 03 11 23 59 00 2 4709.322
2011 03 11 23 58 00 2 4709.318
2011 03 11 23 57 00 2 4709.321
2011 03 11 23 56 00 2 4709.336
2011 03 11 23 55 00 2 4709.331
2011 03 11 23 54 00 2 4709.334
2011 03 11 23 53 00 2 4709.324
2011 03 11 23 52 00 2 4709.327
2011 03 11 23 51 00 2 4709.325
2011 03 11 23 50 00 2 4709.324
2011 03 11 23 49 00 2 4709.329
2011 03 11 23 48 00 2 4709.334
2011 03 11 23 47 00 2 4709.341
2011 03 11 23 46 00 2 4709.351
2011 03 11 23 45 00 2 4709.358
2011 03 11 23 45 00 1 9999.000
2011 03 11 23 44 00 2 4709.362
2011 03 11 23 43 00 2 4709.362
2011 03 11 23 42 00 2 4709.372
2011 03 11 23 41 00 2 4709.378
2011 03 11 23 40 00 2 4709.382
2011 03 11 23 39 00 2 4709.393
2011 03 11 23 38 00 2 4709.380
2011 03 11 23 37 00 2 4709.367
2011 03 11 23 36 00 2 4709.378
2011 03 11 23 35 00 2 4709.385
2011 03 11 23 34 00 2 4709.399
2011 03 11 23 33 00 2 4709.401
2011 03 11 23 32 00 2 4709.381
2011 03 11 23 31 00 2 4709.394
2011 03 11 23 30 00 2 4709.401
2011 03 11 23 30 00 1 9999.000
2011 03 11 23 29 00 2 4709.380
2011 03 11 23 28 00 2 4709.386
2011 03 11 23 27 00 2 4709.407
2011 03 11 23 26 00 2 4709.395
2011 03 11 23 25 00 2 4709.390
2011 03 11 23 24 00 2 4709.399
2011 03 11 23 23 00 2 4709.389
2011 03 11 23 22 00 2 4709.388
2011 03 11 23 21 00 2 4709.393
2011 03 11 23 20 00 2 4709.387
2011 03 11 23 19 00 2 4709.373
2011 03 11 23 18 00 2 4709.377
2011 03 11 23 17 00 2 4709.389
2011 03 11 23 16 00 2 4709.413
2011 03 11 23 15 00 2 4709.427
2011 03 11 23 15 00 1 9999.000
2011 03 11 23 14 00 2 4709.435
2011 03 11 23 13 00 2 4709.435
2011 03 11 23 12 00 2 4709.440
2011 03 11 23 11 00 2 4709.450
2011 03 11 23 10 00 2 4709.443
2011 03 11 23 09 00 2 4709.446
2011 03 11 23 08 00 2 4709.439
2011 03 11 23 07 00 2 4709.425
2011 03 11 23 06 00 2 4709.444
2011 03 11 23 05 00 2 4709.467
2011 03 11 23 04 00 2 4709.465
2011 03 11 23 03 00 2 4709.462
2011 03 11 23 02 00 2 4709.466
2011 03 11 23 01 00 2 4709.467
2011 03 11 23 00 00 2 4709.460
2011 03 11 23 00 00 1 9999.000
2011 03 11 22 59 00 2 4709.464
2011 03 11 22 58 00 2 4709.479
2011 03 11 22 57 00 2 4709.487
2011 03 11 22 56 00 2 4709.488
2011 03 11 22 55 00 2 4709.486
2011 03 11 22 54 00 2 4709.487
2011 03 11 22 53 00 2 4709.490
2011 03 11 22 52 00 2 4709.499
2011 03 11 22 51 00 2 4709.533
2011 03 11 22 50 00 2 4709.542
2011 03 11 22 49 00 2 4709.541
2011 03 11 22 48 00 2 4709.538
2011 03 11 22 47 00 2 4709.544
2011 03 11 22 46 00 2 4709.548
2011 03 11 22 45 00 2 4709.556
2011 03 11 22 45 00 1 9999.000
2011 03 11 22 44 00 2 4709.563
2011 03 11 22 43 00 2 4709.567
2011 03 11 22 42 00 2 4709.576
2011 03 11 22 41 00 2 4709.583
2011 03 11 22 40 00 2 4709.583
2011 03 11 22 39 00 2 4709.567
2011 03 11 22 38 00 2 4709.553
2011 03 11 22 37 00 2 4709.574
2011 03 11 22 36 00 2 4709.586
2011 03 11 22 35 00 2 4709.572
2011 03 11 22 34 00 2 4709.587
2011 03 11 22 33 00 2 4709.587
2011 03 11 22 32 00 2 4709.573
2011 03 11 22 31 00 2 4709.564
2011 03 11 22 30 00 2 4709.575
2011 03 11 22 30 00 1 9999.000
2011 03 11 22 29 00 2 4709.570
2011 03 11 22 28 00 2 4709.574
2011 03 11 22 27 00 2 4709.584
2011 03 11 22 26 00 2 4709.569
2011 03 11 22 25 00 2 4709.569
2011 03 11 22 24 00 2 4709.598
2011 03 11 22 23 00 2 4709.602
2011 03 11 22 22 00 2 4709.612
2011 03 11 22 21 00 2 4709.614
2011 03 11 22 20 00 2 4709.604
2011 03 11 22 19 00 2 4709.606
2011 03 11 22 18 00 2 4709.614
2011 03 11 22 17 00 2 4709.611
2011 03 11 22 16 00 2 4709.622
2011 03 11 22 15 00 2 4709.620
2011 03 11 22 15 00 1 9999.000
2011 03 11 22 14 00 2 4709.611
2011 03 11 22 13 00 2 4709.618
2011 03 11 22 12 00 2 4709.632
2011 03 11 22 11 00 2 4709.626
2011 03 11 22 10 00 2 4709.624
2011 03 11 22 09 00 2 4709.626
2011 03 11 22 08 00 2 4709.621
2011 03 11 22 07 00 2 4709.609
2011 03 11 22 06 00 2 4709.620
2011 03 11 22 05 00 2 4709.633
2011 03 11 22 04 00 2 4709.637
2011 03 11 22 03 00 2 4709.664
2011 03 11 22 02 00 2 4709.671
2011 03 11 22 01 00 2 4709.660
2011 03 11 22 00 00 2 4709.677
2011 03 11 22 00 00 1 9999.000
2011 03 11 21 59 00 2 4709.680
2011 03 11 21 58 00 2 4709.692
2011 03 11 21 57 00 2 4709.709
2011 03 11 21 56 00 2 4709.718
2011 03 11 21 55 00 2 4709.713
2011 03 11 21 54 00 2 4709.701
2011 03 11 21 53 00 2 4709.687
2011 03 11 21 52 00 2 4709.701
2011 03 11 21 51 00 2 4709.695
2011 03 11 21 50 00 2 4709.698
2011 03 11 21 49 00 2 4709.703
2011 03 11 21 48 00 2 4709.690
2011 03 11 21 47 00 2 4709.678
2011 03 11 21 46 00 2 4709.661
2011 03 11 21 45 00 2 4709.678
2011 03 11 21 45 00 1 9999.000
2011 03 11 21 44 00 2 4709.695
2011 03 11 21 43 00 2 4709.693
2011 03 11 21 42 00 2 4709.701
2011 03 11 21 41 00 2 4709.696
2011 03 11 21 40 00 2 4709.706
2011 03 11 21 39 00 2 4709.716
2011 03 11 21 38 00 2 4709.720
2011 03 11 21 37 00 2 4709.720
2011 03 11 21 36 00 2 4709.730
2011 03 11 21 35 00 2 4709.751
2011 03 11 21 34 00 2 4709.744
2011 03 11 21 33 00 2 4709.746
2011 03 11 21 32 00 2 4709.749
2011 03 11 21 31 00 2 4709.742
2011 03 11 21 30 00 2 4709.744
2011 03 11 21 30 00 1 9999.000
2011 03 11 21 29 00 2 4709.752
2011 03 11 21 28 00 2 4709.768
2011 03 11 21 27 00 2 4709.776
2011 03 11 21 26 00 2 4709.762
2011 03 11 21 25 00 2 4709.757
2011 03 11 21 24 00 2 4709.772
2011 03 11 21 23 00 2 4709.781
2011 03 11 21 22 00 2 4709.779
2011 03 11 21 21 00 2 4709.774
2011 03 11 21 20 00 2 4709.756
2011 03 11 21 19 00 2 4709.759
2011 03 11 21 18 00 2 4709.752
2011 03 11 21 17 00 2 4709.749
2011 03 11 21 16 00 2 4709.750
2011 03 11 21 15 00 2 4709.769
2011 03 11 21 15 00 1 9999.000
2011 03 11 21 14 00 2 4709.769
2011 03 11 21 13 00 2 4709.764
2011 03 11 21 12 00 2 4709.777
2011 03 11 21 11 00 2 4709.781
2011 03 11 21 10 00 2 4709.778
2011 03 11 21 09 00 2 4709.772
2011 03 11 21 08 00 2 4709.784
2011 03 11 21 07 00 2 4709.797
2011 03 11 21 06 00 2 4709.797
2011 03 11 21 05 00 2 4709.807
2011 03 11 21 04 00 2 4709.822
2011 03 11 21 03 00 2 4709.826
2011 03 11 21 02 00 2 4709.818
2011 03 11 21 01 00 2 4709.826
2011 03 11 21 00 00 2 4709.826
2011 03 11 21 00 00 1 9999.000
2011 03 11 20 59 00 2 4709.828
2011 03 11 20 58 00 2 4709.854
2011 03 11 20 57 00 2 4709.850
2011 03 11 20 56 00 2 4709.834
2011 03 11 20 55 00 2 4709.827
2011 03 11 20 54 00 2 4709.819
2011 03 11 20 53 00 2 4709.800
2011 03 11 20 52 00 2 4709.813
2011 03 11 20 51 00 2 4709.832
2011 03 11 20 50 00 2 4709.849
2011 03 11 20 49 00 2 4709.854
2011 03 11 20 48 00 2 4709.848
2011 03 11 20 47 00 2 4709.860
2011 03 11 20 46 00 2 4709.865
2011 03 11 20 45 00 2 4709.857
2011 03 11 20 45 00 1 9999.000
2011 03 11 20 44 00 2 4709.867
2011 03 11 20 43 00 2 4709.875
2011 03 11 20 42 00 2 4709.876
2011 03 11 20 41 00 2 4709.883
2011 03 11 20 40 00 2 4709.871
2011 03 11 20 39 00 2 4709.870
2011 03 11 20 38 00 2 4709.882
2011 03 11 20 37 00 2 4709.889
2011 03 11 20 36 00 2 4709.900
2011 03 11 20 35 00 2 4709.876
2011 03 11 20 34 00 2 4709.865
2011 03 11 20 33 00 2 4709.875
2011 03 11 20 32 00 2 4709.902
2011 03 11 20 31 00 2 4709.923
2011 03 11 20 30 00 2 4709.929
2011 03 11 20 30 00 1 9999.000
2011 03 11 20 29 00 2 4709.934
2011 03 11 20 28 00 2 4709.932
2011 03 11 20 27 00 2 4709.927
2011 03 11 20 26 00 2 4709.925
2011 03 11 20 25 00 2 4709.942
2011 03 11 20 24 00 2 4709.926
2011 03 11 20 23 00 2 4709.911
2011 03 11 20 22 00 2 4709.924
2011 03 11 20 21 00 2 4709.902
2011 03 11 20 20 00 2 4709.893
2011 03 11 20 19 00 2 4709.903
2011 03 11 20 18 00 2 4709.920
2011 03 11 20 17 00 2 4709.926
2011 03 11 20 16 00 2 4709.905
2011 03 11 20 15 00 2 4709.899
2011 03 11 20 15 00 1 9999.000
2011 03 11 20 14 00 2 4709.901
2011 03 11 20 13 00 2 4709.915
2011 03 11 20 12 00 2 4709.910
2011 03 11 20 11 00 2 4709.906
2011 03 11 20 10 00 2 4709.916
2011 03 11 20 09 00 2 4709.908
2011 03 11 20 08 00 2 4709.903
2011 03 11 20 07 00 2 4709.906
2011 03 11 20 06 00 2 4709.925
2011 03 11 20 05 00 2 4709.917
2011 03 11 20 04 00 2 4709.924
2011 03 11 20 03 00 2 4709.951
2011 03 11 20 02 00 2 4709.945
2011 03 11 20 01 00 2 4709.944
2011 03 11 20 00 00 2 4709.943
2011 03 11 20 00 00 1 9999.000
2011 03 11 19 59 00 2 4709.944
2011 03 11 19 58 00 2 4709.967
2011 03 11 19 57 00 2 4709.994
2011 03 11 19 56 00 2 4710.004
2011 03 11 19 55 00 2 4709.993
2011 03 11 19 54 00 2 4709.979
2011 03 11 19 53 00 2 4709.985
2011 03 11 19 52 00 2 4710.007
2011 03 11 19 51 00 2 4709.990
2011 03 11 19 50 00 2 4709.987
2011 03 11 19 49 00 2 4709.971
2011 03 11 19 48 00 2 4709.953
2011 03 11 19 47 00 2 4709.967
2011 03 11 19 46 00 2 4709.954
2011 03 11 19 45 00 2 4709.955
2011 03 11 19 45 00 1 9999.000
2011 03 11 19 44 00 2 4709.967
2011 03 11 19 43 00 2 4709.953
2011 03 11 19 42 00 2 4709.931
2011 03 11 19 41 00 2 4709.929
2011 03 11 19 40 00 2 4709.948
2011 03 11 19 39 00 2 4709.938
2011 03 11 19 38 00 2 4709.917
2011 03 11 19 37 00 2 4709.911
2011 03 11 19 36 00 2 4709.920
2011 03 11 19 35 00 2 4709.938
2011 03 11 19 34 00 2 4709.953
2011 03 11 19 33 00 2 4709.969
2011 03 11 19 32 00 2 4709.961
2011 03 11 19 31 00 2 4709.947
2011 03 11 19 30 00 2 4709.947
2011 03 11 19 30 00 1 9999.000
2011 03 11 19 29 00 2 4709.982
2011 03 11 19 28 00 2 4709.991
2011 03 11 19 27 00 2 4709.980
2011 03 11 19 26 00 2 4709.968
2011 03 11 19 25 00 2 4709.959
2011 03 11 19 24 00 2 4709.969
2011 03 11 19 23 00 2 4709.973
2011 03 11 19 22 00 2 4709.962
2011 03 11 19 21 00 2 4709.967
2011 03 11 19 20 00 2 4709.984
2011 03 11 19 19 00 2 4709.977
2011 03 11 19 18 00 2 4709.979
2011 03 11 19 17 00 2 4709.971
2011 03 11 19 16 00 2 4709.951
2011 03 11 19 15 00 2 4709.951
2011 03 11 19 15 00 1 9999.000
2011 03 11 19 14 00 2 4709.970
2011 03 11 19 13 00 2 4709.991
2011 03 11 19 12 00 2 4710.007
2011 03 11 19 11 00 2 4710.034
2011 03 11 19 10 00 2 4710.040
2011 03 11 19 09 00 2 4710.032
2011 03 11 19 08 00 2 4710.021
2011 03 11 19 07 00 2 4710.020
2011 03 11 19 06 00 2 4710.011
2011 03 11 19 05 00 2 4709.996
2011 03 11 19 04 00 2 4710.000
2011 03 11 19 03 00 2 4709.990
2011 03 11 19 02 00 2 4709.991
2011 03 11 19 01 00 2 4710.005
2011 03 11 19 00 00 2 4709.993
2011 03 11 19 00 00 1 9999.000
2011 03 11 18 59 00 2 4709.992
2011 03 11 18 58 00 2 4710.002
2011 03 11 18 57 00 2 4710.011
2011 03 11 18 56 00 2 4710.002
2011 03 11 18 55 00 2 4710.000
2011 03 11 18 54 00 2 4710.006
2011 03 11 18 53 00 2 4710.009
2011 03 11 18 52 00 2 4710.017
2011 03 11 18 51 00 2 4710.012
2011 03 11 18 50 00 2 4710.014
2011 03 11 18 49 00 2 4709.996
2011 03 11 18 48 00 2 4709.995
2011 03 11 18 47 00 2 4710.022
2011 03 11 18 46 00 2 4710.027
2011 03 11 18 45 00 2 4710.017
2011 03 11 18 45 00 1 9999.000
2011 03 11 18 44 00 2 4710.022
2011 03 11 18 43 00 2 4710.023
2011 03 11 18 42 00 2 4710.040
2011 03 11 18 41 00 2 4710.055
2011 03 11 18 40 00 2 4710.046
2011 03 11 18 39 00 2 4710.037
2011 03 11 18 38 00 2 4710.046
2011 03 11 18 37 00 2 4710.044
2011 03 11 18 36 00 2 4710.040
2011 03 11 18 35 00 2 4710.028
2011 03 11 18 34 00 2 4710.029
2011 03 11 18 33 00 2 4710.023
2011 03 11 18 32 00 2 4710.033
2011 03 11 18 31 00 2 4710.002
2011 03 11 18 30 00 2 4709.993
2011 03 11 18 30 00 1 9999.000
2011 03 11 18 29 00 2 4710.001
2011 03 11 18 28 00 2 4709.974
2011 03 11 18 27 00 2 4709.968
2011 03 11 18 26 00 2 4709.983
2011 03 11 18 25 00 2 4710.004
2011 03 11 18 24 00 2 4710.004
2011 03 11 18 23 00 2 4710.005
2011 03 11 18 22 00 2 4710.012
2011 03 11 18 21 00 2 4710.020
2011 03 11 18 20 00 2 4710.021
2011 03 11 18 19 00 2 4710.035
2011 03 11 18 18 00 2 4710.009
2011 03 11 18 17 00 2 4709.983
2011 03 11 18 16 00 2 4709.984
2011 03 11 18 15 00 2 4709.988
2011 03 11 18 15 00 1 9999.000
2011 03 11 18 14 00 2 4709.991
2011 03 11 18 13 00 2 4709.996
2011 03 11 18 12 00 2 4710.013
2011 03 11 18 11 00 2 4710.004
2011 03 11 18 10 00 2 4709.983
2011 03 11 18 09 00 2 4710.022
2011 03 11 18 08 00 2 4710.040
2011 03 11 18 07 00 2 4710.029
2011 03 11 18 06 00 2 4710.033
2011 03 11 18 05 00 2 4710.034
2011 03 11 18 04 00 2 4710.006
2011 03 11 18 03 00 2 4709.988
2011 03 11 18 02 00 2 4709.991
2011 03 11 18 01 00 2 4709.982
2011 03 11 18 00 00 2 4710.001
2011 03 11 18 00 00 1 9999.000
2011 03 11 17 59 00 2 4710.027
2011 03 11 17 58 00 2 4710.010
2011 03 11 17 57 00 2 4710.012
2011 03 11 17 56 00 2 4710.035
2011 03 11 17 55 00 2 4710.060
2011 03 11 17 54 00 2 4710.057
2011 03 11 17 53 00 2 4710.033
2011 03 11 17 52 00 2 4710.013
2011 03 11 17 51 00 2 4710.034
2011 03 11 17 50 00 2 4710.036
2011 03 11 17 49 00 2 4710.022
2011 03 11 17 48 00 2 4710.033
2011 03 11 17 47 00 2 4710.022
2011 03 11 17 46 00 2 4710.016
2011 03 11 17 45 00 2 4710.027
2011 03 11 17 45 00 1 9999.000
2011 03 11 17 44 00 2 4710.021
2011 03 11 17 43 00 2 4710.035
2011 03 11 17 42 00 2 4710.045
2011 03 11 17 41 00 2 4710.034
2011 03 11 17 40 00 2 4710.015
2011 03 11 17 39 00 2 4710.001
2011 03 11 17 38 00 2 4710.013
2011 03 11 17 37 00 2 4710.026
2011 03 11 17 36 00 2 4710.008
2011 03 11 17 35 00 2 4710.002
2011 03 11 17 34 00 2 4710.011
2011 03 11 17 33 00 2 4710.000
2011 03 11 17 32 00 2 4709.991
2011 03 11 17 31 00 2 4710.011
2011 03 11 17 30 00 2 4710.021
2011 03 11 17 30 00 1 9999.000
2011 03 11 17 29 00 2 4709.995
2011 03 11 17 28 00 2 4709.989
2011 03 11 17 27 00 2 4709.985
2011 03 11 17 26 00 2 4709.971
2011 03 11 17 25 00 2 4709.951
2011 03 11 17 24 00 2 4709.940
2011 03 11 17 23 00 2 4709.962
2011 03 11 17 22 00 2 4709.958
2011 03 11 17 21 00 2 4709.949
2011 03 11 17 20 00 2 4709.967
2011 03 11 17 19 00 2 4709.987
2011 03 11 17 18 00 2 4709.991
2011 03 11 17 17 00 2 4709.984
2011 03 11 17 16 00 2 4709.978
2011 03 11 17 15 00 2 4709.995
2011 03 11 17 15 00 1 9999.000
2011 03 11 17 14 00 2 4710.014
2011 03 11 17 13 00 2 4710.009
2011 03 11 17 12 00 2 4709.996
2011 03 11 17 11 00 2 4710.005
2011 03 11 17 10 00 2 4710.005
2011 03 11 17 09 00 2 4709.986
2011 03 11 17 08 00 2 4709.964
2011 03 11 17 07 00 2 4709.986
2011 03 11 17 06 00 2 4710.010
2011 03 11 17 05 00 2 4710.001
2011 03 11 17 04 00 2 4710.015
2011 03 11 17 03 00 2 4710.031
2011 03 11 17 02 00 2 4710.024
2011 03 11 17 01 00 2 4710.024
2011 03 11 17 00 00 2 4710.024
2011 03 11 17 00 00 1 9999.000
2011 03 11 16 59 00 2 4709.998
2011 03 11 16 58 00 2 4709.969
2011 03 11 16 57 00 2 4709.973
2011 03 11 16 56 00 2 4709.989
2011 03 11 16 55 00 2 4709.960
2011 03 11 16 54 00 2 4709.977
2011 03 11 16 53 00 2 4709.975
2011 03 11 16 52 00 2 4709.969
2011 03 11 16 51 00 2 4709.979
2011 03 11 16 50 00 2 4709.977
2011 03 11 16 49 00 2 4709.954
2011 03 11 16 48 00 2 4709.970
2011 03 11 16 47 00 2 4709.999
2011 03 11 16 46 00 2 4709.973
2011 03 11 16 45 00 2 4709.946
2011 03 11 16 45 00 1 9999.000
2011 03 11 16 44 00 2 4709.930
2011 03 11 16 43 00 2 4709.937
2011 03 11 16 42 00 2 4709.945
2011 03 11 16 41 00 2 4709.948
2011 03 11 16 40 00 2 4709.953
2011 03 11 16 39 00 2 4709.956
2011 03 11 16 38 00 2 4709.945
2011 03 11 16 37 00 2 4709.924
2011 03 11 16 36 00 2 4709.920
2011 03 11 16 35 00 2 4709.925
2011 03 11 16 34 00 2 4709.929
2011 03 11 16 33 00 2 4709.931
2011 03 11 16 32 00 2 4709.925
2011 03 11 16 31 00 2 4709.917
2011 03 11 16 30 00 2 4709.934
2011 03 11 16 30 00 1 9999.000
2011 03 11 16 29 00 2 4709.950
2011 03 11 16 28 00 2 4709.964
2011 03 11 16 27 00 2 4709.976
2011 03 11 16 26 00 2 4709.981
2011 03 11 16 25 00 2 4709.991
2011 03 11 16 24 00 2 4709.989
2011 03 11 16 23 00 2 4709.976
2011 03 11 16 22 00 2 4709.971
2011 03 11 16 21 00 2 4709.980
2011 03 11 16 20 00 2 4709.983
2011 03 11 16 19 00 2 4709.973
2011 03 11 16 18 00 2 4709.953
2011 03 11 16 17 00 2 4709.943
2011 03 11 16 16 00 2 4709.940
2011 03 11 16 15 00 2 4709.919
2011 03 11 16 15 00 1 9999.000
2011 03 11 16 14 00 2 4709.933
2011 03 11 16 13 00 2 4709.943
2011 03 11 16 12 00 2 4709.927
2011 03 11 16 11 00 2 4709.944
2011 03 11 16 10 00 2 4709.958
2011 03 11 16 09 00 2 4709.935
2011 03 11 16 08 00 2 4709.935
2011 03 11 16 07 00 2 4709.953
2011 03 11 16 06 00 2 4709.968
2011 03 11 16 05 00 2 4709.966
2011 03 11 16 04 00 2 4709.972
2011 03 11 16 03 00 2 4709.983
2011 03 11 16 02 00 2 4709.979
2011 03 11 16 01 00 2 4709.950
2011 03 11 16 00 00 2 4709.917
2011 03 11 16 00 00 1 9999.000
2011 03 11 15 59 00 2 4709.911
2011 03 11 15 58 00 2 4709.933
2011 03 11 15 57 00 2 4709.926
2011 03 11 15 56 00 2 4709.929
2011 03 11 15 55 00 2 4709.930
2011 03 11 15 54 00 2 4709.912
2011 03 11 15 53 00 2 4709.898
2011 03 11 15 52 00 2 4709.901
2011 03 11 15 51 00 2 4709.903
2011 03 11 15 50 00 2 4709.917
2011 03 11 15 49 00 2 4709.914
2011 03 11 15 48 00 2 4709.943
2011 03 11 15 47 00 2 4709.957
2011 03 11 15 46 00 2 4709.929
2011 03 11 15 45 00 2 4709.918
2011 03 11 15 45 00 1 9999.000
2011 03 11 15 44 00 2 4709.919
2011 03 11 15 43 00 2 4709.924
2011 03 11 15 42 00 2 4709.945
2011 03 11 15 41 00 2 4709.946
2011 03 11 15 40 00 2 4709.931
2011 03 11 15 39 00 2 4709.912
2011 03 11 15 38 00 2 4709.899
2011 03 11 15 37 00 2 4709.907
2011 03 11 15 36 00 2 4709.912
2011 03 11 15 35 00 2 4709.920
2011 03 11 15 34 00 2 4709.924
2011 03 11 15 33 00 2 4709.907
2011 03 11 15 32 00 2 4709.907
2011 03 11 15 31 00 2 4709.908
2011 03 11 15 30 00 2 4709.902
2011 03 11 15 30 00 1 9999.000
2011 03 11 15 29 00 2 4709.933
2011 03 11 15 28 00 2 4709.920
2011 03 11 15 27 00 2 4709.877
2011 03 11 15 26 00 2 4709.874
2011 03 11 15 25 00 2 4709.884
2011 03 11 15 24 00 2 4709.885
2011 03 11 15 23 00 2 4709.867
2011 03 11 15 22 00 2 4709.879
2011 03 11 15 21 00 2 4709.882
2011 03 11 15 20 00 2 4709.878
2011 03 11 15 19 00 2 4709.896
2011 03 11 15 18 00 2 4709.893
2011 03 11 15 17 00 2 4709.896
2011 03 11 15 16 00 2 4709.922
2011 03 11 15 15 00 2 4709.936
2011 03 11 15 15 00 1 9999.000
2011 03 11 15 14 00 2 4709.933
2011 03 11 15 13 00 2 4709.918
2011 03 11 15 12 00 2 4709.892
2011 03 11 15 11 00 2 4709.912
2011 03 11 15 10 00 2 4709.907
2011 03 11 15 09 00 2 4709.902
2011 03 11 15 08 00 2 4709.939
2011 03 11 15 07 00 2 4709.911
2011 03 11 15 06 00 2 4709.881
2011 03 11 15 05 00 2 4709.873
2011 03 11 15 04 00 2 4709.866
2011 03 11 15 03 00 2 4709.886
2011 03 11 15 02 00 2 4709.895
2011 03 11 15 01 00 2 4709.886
2011 03 11 15 00 00 2 4709.879
2011 03 11 15 00 00 1 9999.000
2011 03 11 14 59 00 2 4709.869
2011 03 11 14 58 00 2 4709.881
2011 03 11 14 57 00 2 4709.893
2011 03 11 14 56 00 2 4709.887
2011 03 11 14 55 00 2 4709.877
2011 03 11 14 54 00 2 4709.876
2011 03 11 14 53 00 2 4709.879
2011 03 11 14 52 00 2 4709.894
2011 03 11 14 51 00 2 4709.908
2011 03 11 14 50 00 2 4709.887
2011 03 11 14 49 00 2 4709.870
2011 03 11 14 48 00 2 4709.847
2011 03 11 14 47 00 2 4709.855
2011 03 11 14 46 00 2 4709.877
2011 03 11 14 45 00 2 4709.880
2011 03 11 14 45 00 1 9999.000
2011 03 11 14 44 00 2 4709.883
2011 03 11 14 43 00 2 4709.888
2011 03 11 14 42 00 2 4709.893
2011 03 11 14 41 00 2 4709.891
2011 03 11 14 40 00 2 4709.877
2011 03 11 14 39 00 2 4709.868
2011 03 11 14 38 00 2 4709.856
2011 03 11 14 37 00 2 4709.868
2011 03 11 14 36 00 2 4709.894
2011 03 11 14 35 00 2 4709.901
2011 03 11 14 34 00 2 4709.872
2011 03 11 14 33 00 2 4709.853
2011 03 11 14 32 00 2 4709.841
2011 03 11 14 31 00 2 4709.833
2011 03 11 14 30 00 2 4709.844
2011 03 11 14 30 00 1 9999.000
2011 03 11 14 29 00 2 4709.846
2011 03 11 14 28 00 2 4709.840
2011 03 11 14 27 00 2 4709.844
2011 03 11 14 26 00 2 4709.824
2011 03 11 14 25 00 2 4709.826
2011 03 11 14 24 00 2 4709.833
2011 03 11 14 23 00 2 4709.829
2011 03 11 14 22 00 2 4709.835
2011 03 11 14 21 00 2 4709.817
2011 03 11 14 20 00 2 4709.801
2011 03 11 14 19 00 2 4709.815
2011 03 11 14 18 00 2 4709.837
2011 03 11 14 17 00 2 4709.850
2011 03 11 14 16 00 2 4709.854
2011 03 11 14 15 00 2 4709.891
2011 03 11 14 15 00 1 9999.000
2011 03 11 14 14 00 2 4709.894
2011 03 11 14 13 00 2 4709.888
2011 03 11 14 12 00 2 4709.893
2011 03 11 14 11 00 2 4709.887
2011 03 11 14 10 00 2 4709.874
2011 03 11 14 09 00 2 4709.845
2011 03 11 14 08 00 2 4709.820
2011 03 11 14 07 00 2 4709.829
2011 03 11 14 06 00 2 4709.841
2011 03 11 14 05 00 2 4709.878
2011 03 11 14 04 00 2 4709.877
2011 03 11 14 03 00 2 4709.857
2011 03 11 14 02 00 2 4709.848
2011 03 11 14 01 00 2 4709.860
2011 03 11 14 00 00 2 4709.847
2011 03 11 14 00 00 1 9999.000
2011 03 11 13 59 00 2 4709.843
2011 03 11 13 58 00 2 4709.843
2011 03 11 13 57 00 2 4709.839
2011 03 11 13 56 00 2 4709.852
2011 03 11 13 55 00 2 4709.850
2011 03 11 13 54 00 2 4709.853
2011 03 11 13 53 00 2 4709.854
2011 03 11 13 52 00 2 4709.863
2011 03 11 13 51 00 2 4709.863
2011 03 11 13 50 00 2 4709.867
2011 03 11 13 49 00 2 4709.886
2011 03 11 13 48 00 2 4709.885
2011 03 11 13 47 00 2 4709.887
2011 03 11 13 46 00 2 4709.867
2011 03 11 13 45 00 2 4709.855
2011 03 11 13 45 00 1 9999.000
2011 03 11 13 44 00 2 4709.855
2011 03 11 13 43 00 2 4709.864
2011 03 11 13 42 00 2 4709.869
2011 03 11 13 41 00 2 4709.855
2011 03 11 13 40 00 2 4709.860
2011 03 11 13 39 00 2 4709.848
2011 03 11 13 38 00 2 4709.816
2011 03 11 13 37 00 2 4709.810
2011 03 11 13 36 00 2 4709.806
2011 03 11 13 35 00 2 4709.801
2011 03 11 13 34 00 2 4709.794
2011 03 11 13 33 00 2 4709.804
2011 03 11 13 32 00 2 4709.807
2011 03 11 13 31 00 2 4709.829
2011 03 11 13 30 00 2 4709.857
2011 03 11 13 30 00 1 9999.000
2011 03 11 13 29 00 2 4709.858
2011 03 11 13 28 00 2 4709.848
2011 03 11 13 27 00 2 4709.827
2011 03 11 13 26 00 2 4709.832
2011 03 11 13 25 00 2 4709.834
2011 03 11 13 24 00 2 4709.809
2011 03 11 13 23 00 2 4709.823
2011 03 11 13 22 00 2 4709.795
2011 03 11 13 21 00 2 4709.808
2011 03 11 13 20 00 2 4709.831
2011 03 11 13 19 00 2 4709.812
2011 03 11 13 18 00 2 4709.817
2011 03 11 13 17 00 2 4709.801
2011 03 11 13 16 00 2 4709.831
2011 03 11 13 15 00 2 4709.839
2011 03 11 13 15 00 1 9999.000
2011 03 11 13 14 00 2 4709.856
2011 03 11 13 13 00 2 4709.840
2011 03 11 13 12 00 2 4709.831
2011 03 11 13 11 00 2 4709.820
2011 03 11 13 10 00 2 4709.814
2011 03 11 13 09 00 2 4709.793
2011 03 11 13 08 00 2 4709.796
2011 03 11 13 07 00 2 4709.799
2011 03 11 13 06 00 2 4709.788
2011 03 11 13 05 00 2 4709.812
2011 03 11 13 04 00 2 4709.812
2011 03 11 13 03 00 2 4709.820
2011 03 11 13 02 00 2 4709.808
2011 03 11 13 01 00 2 4709.832
2011 03 11 13 00 00 2 4709.843
2011 03 11 13 00 00 1 9999.000
2011 03 11 12 59 00 2 4709.854
2011 03 11 12 58 00 2 4709.873
2011 03 11 12 57 00 2 4709.888
2011 03 11 12 56 00 2 4709.882
2011 03 11 12 55 00 2 4709.892
2011 03 11 12 54 00 2 4709.869
2011 03 11 12 53 00 2 4709.855
2011 03 11 12 52 00 2 4709.872
2011 03 11 12 51 00 2 4709.858
2011 03 11 12 50 00 2 4709.850
2011 03 11 12 49 00 2 4709.857
2011 03 11 12 48 00 2 4709.882
2011 03 11 12 47 00 2 4709.890
2011 03 11 12 46 00 2 4709.893
2011 03 11 12 45 00 2 4709.892
2011 03 11 12 45 00 1 9999.000
2011 03 11 12 44 00 2 4709.914
2011 03 11 12 43 00 2 4709.922
2011 03 11 12 42 00 2 4709.907
2011 03 11 12 41 00 2 4709.898
2011 03 11 12 40 00 2 4709.886
2011 03 11 12 39 00 2 4709.870
2011 03 11 12 38 00 2 4709.853
2011 03 11 12 37 00 2 4709.823
2011 03 11 12 36 00 2 4709.793
2011 03 11 12 35 00 2 4709.792
2011 03 11 12 34 00 2 4709.805
2011 03 11 12 33 00 2 4709.797
2011 03 11 12 32 00 2 4709.779
2011 03 11 12 31 00 2 4709.778
2011 03 11 12 30 00 2 4709.779
2011 03 11 12 30 00 1 9999.000
2011 03 11 12 29 00 2 4709.784
2011 03 11 12 28 00 2 4709.786
2011 03 11 12 27 00 2 4709.787
2011 03 11 12 26 00 2 4709.763
2011 03 11 12 25 00 2 4709.793
2011 03 11 12 24 00 2 4709.841
2011 03 11 12 23 00 2 4709.858
2011 03 11 12 22 00 2 4709.868
2011 03 11 12 21 00 2 4709.848
2011 03 11 12 20 00 2 4709.821
2011 03 11 12 19 00 2 4709.852
2011 03 11 12 18 00 2 4709.864
2011 03 11 12 17 00 2 4709.853
2011 03 11 12 16 00 2 4709.834
2011 03 11 12 15 00 2 4709.814
2011 03 11 12 15 00 1 9999.000
2011 03 11 12 14 00 2 4709.802
2011 03 11 12 13 00 2 4709.815
2011 03 11 12 12 00 2 4709.814
2011 03 11 12 11 00 2 4709.814
2011 03 11 12 10 00 2 4709.808
2011 03 11 12 09 00 2 4709.808
2011 03 11 12 08 00 2 4709.817
2011 03 11 12 07 00 2 4709.828
2011 03 11 12 06 00 2 4709.819
2011 03 11 12 05 00 2 4709.813
2011 03 11 12 04 00 2 4709.827
2011 03 11 12 03 00 2 4709.817
2011 03 11 12 02 00 2 4709.813
2011 03 11 12 01 00 2 4709.822
2011 03 11 12 00 00 2 4709.816
2011 03 11 12 00 00 1 9999.000
2011 03 11 11 59 00 2 4709.785
2011 03 11 11 58 00 2 4709.796
2011 03 11 11 57 00 2 4709.817
2011 03 11 11 56 00 2 4709.801
2011 03 11 11 55 00 2 4709.820
2011 03 11 11 54 00 2 4709.823
2011 03 11 11 53 00 2 4709.827
2011 03 11 11 52 00 2 4709.840
2011 03 11 11 51 00 2 4709.837
2011 03 11 11 50 00 2 4709.862
2011 03 11 11 49 00 2 4709.877
2011 03 11 11 48 00 2 4709.887
2011 03 11 11 47 00 2 4709.875
2011 03 11 11 46 00 2 4709.848
2011 03 11 11 45 00 2 4709.850
2011 03 11 11 45 00 1 9999.000
2011 03 11 11 44 00 2 4709.863
2011 03 11 11 43 00 2 4709.828
2011 03 11 11 42 00 2 4709.814
2011 03 11 11 41 00 2 4709.823
2011 03 11 11 40 00 2 4709.809
2011 03 11 11 39 00 2 4709.794
2011 03 11 11 38 00 2 4709.796
2011 03 11 11 37 00 2 4709.793
2011 03 11 11 36 00 2 4709.783
2011 03 11 11 35 00 2 4709.786
2011 03 11 11 34 00 2 4709.803
2011 03 11 11 33 00 2 4709.827
2011 03 11 11 32 00 2 4709.819
2011 03 11 11 31 00 2 4709.844
2011 03 11 11 30 00 2 4709.854
2011 03 11 11 30 00 1 9999.000
2011 03 11 11 29 00 2 4709.871
2011 03 11 11 28 00 2 4709.878
2011 03 11 11 27 00 2 4709.838
2011 03 11 11 26 00 2 4709.836
2011 03 11 11 25 00 2 4709.819
2011 03 11 11 24 00 2 4709.830
2011 03 11 11 23 00 2 4709.833
2011 03 11 11 22 00 2 4709.840
2011 03 11 11 21 00 2 4709.879
2011 03 11 11 20 00 2 4709.878
2011 03 11 11 19 00 2 4709.873
2011 03 11 11 18 00 2 4709.851
2011 03 11 11 17 00 2 4709.851
2011 03 11 11 16 00 2 4709.873
2011 03 11 11 15 00 2 4709.863
2011 03 11 11 15 00 1 9999.000
2011 03 11 11 14 00 2 4709.856
2011 03 11 11 13 00 2 4709.881
2011 03 11 11 12 00 2 4709.895
2011 03 11 11 11 00 2 4709.878
2011 03 11 11 10 00 2 4709.865
2011 03 11 11 09 00 2 4709.872
2011 03 11 11 08 00 2 4709.898
2011 03 11 11 07 00 2 4709.875
2011 03 11 11 06 00 2 4709.851
2011 03 11 11 05 00 2 4709.860
2011 03 11 11 04 00 2 4709.859
2011 03 11 11 03 00 2 4709.876
2011 03 11 11 02 00 2 4709.873
2011 03 11 11 01 00 2 4709.849
2011 03 11 11 00 00 2 4709.822
2011 03 11 11 00 00 1 9999.000
2011 03 11 10 59 00 2 4709.782
2011 03 11 10 58 00 2 4709.799
2011 03 11 10 57 00 2 4709.826
2011 03 11 10 56 00 2 4709.817
2011 03 11 10 55 00 2 4709.836
2011 03 11 10 54 00 2 4709.848
2011 03 11 10 53 00 2 4709.830
2011 03 11 10 52 00 2 4709.820
2011 03 11 10 51 00 2 4709.803
2011 03 11 10 50 00 2 4709.771
2011 03 11 10 49 00 2 4709.772
2011 03 11 10 48 00 2 4709.784
2011 03 11 10 47 00 2 4709.761
2011 03 11 10 46 00 2 4709.759
2011 03 11 10 45 00 2 4709.794
2011 03 11 10 45 00 1 9999.000
2011 03 11 10 44 00 2 4709.824
2011 03 11 10 43 00 2 4709.833
2011 03 11 10 42 00 2 4709.824
2011 03 11 10 41 00 2 4709.833
2011 03 11 10 40 00 2 4709.834
2011 03 11 10 39 00 2 4709.811
2011 03 11 10 38 00 2 4709.816
2011 03 11 10 37 00 2 4709.829
2011 03 11 10 36 00 2 4709.824
2011 03 11 10 35 00 2 4709.834
2011 03 11 10 34 00 2 4709.847
2011 03 11 10 33 00 2 4709.854
2011 03 11 10 32 00 2 4709.843
2011 03 11 10 31 00 2 4709.805
2011 03 11 10 30 00 2 4709.788
2011 03 11 10 30 00 1 9999.000
2011 03 11 10 29 00 2 4709.794
2011 03 11 10 28 00 2 4709.784
2011 03 11 10 27 00 2 4709.774
2011 03 11 10 26 00 2 4709.771
2011 03 11 10 25 00 2 4709.773
2011 03 11 10 24 00 2 4709.780
2011 03 11 10 23 00 2 4709.781
2011 03 11 10 22 00 2 4709.795
2011 03 11 10 21 00 2 4709.817
2011 03 11 10 20 00 2 4709.820
2011 03 11 10 19 00 2 4709.831
2011 03 11 10 18 00 2 4709.858
2011 03 11 10 17 00 2 4709.857
2011 03 11 10 16 00 2 4709.851
2011 03 11 10 15 00 2 4709.874
2011 03 11 10 15 00 1 9999.000
2011 03 11 10 14 00 2 4709.885
2011 03 11 10 13 00 2 4709.871
2011 03 11 10 12 00 2 4709.865
2011 03 11 10 11 00 2 4709.846
2011 03 11 10 10 00 2 4709.820
2011 03 11 10 09 00 2 4709.824
2011 03 11 10 08 00 2 4709.831
2011 03 11 10 07 00 2 4709.807
2011 03 11 10 06 00 2 4709.797
2011 03 11 10 05 00 2 4709.795
2011 03 11 10 04 00 2 4709.776
2011 03 11 10 03 00 2 4709.774
2011 03 11 10 02 00 2 4709.793
2011 03 11 10 01 00 2 4709.786
2011 03 11 10 00 00 2 4709.777
2011 03 11 10 00 00 1 9999.000
2011 03 11 09 59 00 2 4709.799
2011 03 11 09 58 00 2 4709.802
2011 03 11 09 57 00 2 4709.789
2011 03 11 09 56 00 2 4709.809
2011 03 11 09 55 00 2 4709.823
2011 03 11 09 54 00 2 4709.800
2011 03 11 09 53 00 2 4709.798
2011 03 11 09 52 00 2 4709.827
2011 03 11 09 51 00 2 4709.821
2011 03 11 09 50 00 2 4709.795
2011 03 11 09 49 00 2 4709.803
2011 03 11 09 48 00 2 4709.825
2011 03 11 09 47 00 2 4709.809
2011 03 11 09 46 00 2 4709.792
2011 03 11 09 45 00 2 4709.803
2011 03 11 09 45 00 1 9999.000
2011 03 11 09 44 00 2 4709.806
2011 03 11 09 43 00 2 4709.787
2011 03 11 09 42 00 2 4709.781
2011 03 11 09 41 00 2 4709.799
2011 03 11 09 40 00 2 4709.805
2011 03 11 09 39 00 2 4709.804
2011 03 11 09 38 00 2 4709.813
2011 03 11 09 37 00 2 4709.816
2011 03 11 09 36 00 2 4709.791
2011 03 11 09 35 00 2 4709.768
2011 03 11 09 34 00 2 4709.793
2011 03 11 09 33 00 2 4709.844
2011 03 11 09 32 00 2 4709.863
2011 03 11 09 31 00 2 4709.847
2011 03 11 09 30 00 2 4709.833
2011 03 11 09 30 00 1 9999.000
2011 03 11 09 29 00 2 4709.835
2011 03 11 09 28 00 2 4709.840
2011 03 11 09 27 00 2 4709.845
2011 03 11 09 26 00 2 4709.863
2011 03 11 09 25 00 2 4709.881
2011 03 11 09 24 00 2 4709.864
2011 03 11 09 23 00 2 4709.813
2011 03 11 09 22 00 2 4709.778
2011 03 11 09 21 00 2 4709.795
2011 03 11 09 20 00 2 4709.842
2011 03 11 09 19 00 2 4709.855
2011 03 11 09 18 00 2 4709.810
2011 03 11 09 17 00 2 4709.751
2011 03 11 09 16 00 2 4709.747
2011 03 11 09 15 00 2 4709.789
2011 03 11 09 15 00 1 9999.000
2011 03 11 09 14 00 2 4709.831
2011 03 11 09 13 00 2 4709.815
2011 03 11 09 12 00 2 4709.742
2011 03 11 09 11 00 2 4709.670
2011 03 11 09 10 00 2 4709.646
2011 03 11 09 09 00 2 4709.672
2011 03 11 09 08 00 2 4709.716
2011 03 11 09 07 00 2 4709.743
2011 03 11 09 06 00 2 4709.754
2011 03 11 09 05 00 2 4709.761
2011 03 11 09 04 00 2 4709.779
2011 03 11 09 03 00 2 4709.826
2011 03 11 09 02 00 2 4709.890
2011 03 11 09 01 00 2 4709.959
2011 03 11 09 00 00 2 4710.019
2011 03 11 09 00 00 1 9999.000
2011 03 11 08 59 00 2 4710.055
2011 03 11 08 58 00 2 4710.072
2011 03 11 08 57 00 2 4710.072
2011 03 11 08 56 00 2 4710.051
2011 03 11 08 55 00 2 4710.021
2011 03 11 08 54 00 2 4709.986
2011 03 11 08 53 00 2 4709.950
2011 03 11 08 52 00 2 4709.912
2011 03 11 08 51 00 2 4709.880
2011 03 11 08 50 00 2 4709.852
2011 03 11 08 49 00 2 4709.832
2011 03 11 08 48 00 2 4709.819
2011 03 11 08 47 00 2 4709.805
2011 03 11 08 46 00 2 4709.797
2011 03 11 08 45 00 2 4709.789
2011 03 11 08 45 00 1 9999.000
2011 03 11 08 44 00 2 4709.788
2011 03 11 08 43 00 2 4709.787
2011 03 11 08 42 00 2 4709.785
2011 03 11 08 41 00 2 4709.779
2011 03 11 08 40 00 2 4709.781
2011 03 11 08 39 00 2 4709.775
2011 03 11 08 38 00 2 4709.780
2011 03 11 08 37 00 2 4709.780
2011 03 11 08 36 00 2 4709.777
2011 03 11 08 35 00 2 4709.777
2011 03 11 08 34 00 2 4709.774
2011 03 11 08 33 00 2 4709.774
2011 03 11 08 32 00 2 4709.775
2011 03 11 08 31 00 2 4709.770
2011 03 11 08 30 00 2 4709.773
2011 03 11 08 30 00 1 9999.000
2011 03 11 08 29 00 2 4709.771
2011 03 11 08 28 00 2 4709.766
2011 03 11 08 27 00 2 4709.770
2011 03 11 08 26 00 2 4709.768
2011 03 11 08 25 00 2 4709.767
2011 03 11 08 24 00 2 4709.766
2011 03 11 08 23 00 2 4709.762
2011 03 11 08 22 00 2 4709.760
2011 03 11 08 21 00 2 4709.760
2011 03 11 08 20 00 2 4709.760
2011 03 11 08 19 00 2 4709.763
2011 03 11 08 18 00 2 4709.755
2011 03 11 08 17 00 2 4709.753
2011 03 11 08 16 00 2 4709.756
2011 03 11 08 15 00 2 4709.752
2011 03 11 08 15 00 1 9999.000
2011 03 11 08 14 00 2 4709.753
2011 03 11 08 13 00 2 4709.752
2011 03 11 08 12 00 2 4709.750
2011 03 11 08 11 00 2 4709.747
2011 03 11 08 10 00 2 4709.749
2011 03 11 08 09 00 2 4709.742
2011 03 11 08 08 00 2 4709.743
2011 03 11 08 07 00 2 4709.744
2011 03 11 08 06 00 2 4709.740
2011 03 11 08 05 00 2 4709.740
2011 03 11 08 04 00 2 4709.739
2011 03 11 08 03 00 2 4709.735
2011 03 11 08 02 00 2 4709.738
2011 03 11 08 01 00 2 4709.734
2011 03 11 08 00 00 2 4709.734
2011 03 11 08 00 00 1 9999.000
2011 03 11 07 59 00 2 4709.731
2011 03 11 07 58 00 2 4709.731
2011 03 11 07 57 00 2 4709.730
2011 03 11 07 56 00 2 4709.725
2011 03 11 07 55 00 2 4709.725
2011 03 11 07 54 00 2 4709.722
2011 03 11 07 53 00 2 4709.720
2011 03 11 07 52 00 2 4709.725
2011 03 11 07 51 00 2 4709.719
2011 03 11 07 50 00 2 4709.715
2011 03 11 07 49 00 2 4709.712
2011 03 11 07 48 00 2 4709.714
2011 03 11 07 47 00 2 4709.709
2011 03 11 07 46 00 2 4709.711
2011 03 11 07 45 00 2 4709.705
2011 03 11 07 45 00 1 9999.000
2011 03 11 07 44 00 2 4709.708
2011 03 11 07 43 00 2 4709.702
2011 03 11 07 42 00 2 4709.705
2011 03 11 07 41 00 2 4709.701
2011 03 11 07 40 00 2 4709.707
2011 03 11 07 39 00 2 4709.694
2011 03 11 07 38 00 2 4709.693
2011 03 11 07 37 00 2 4709.696
2011 03 11 07 36 00 2 4709.698
2011 03 11 07 35 00 2 4709.689
2011 03 11 07 34 00 2 4709.691
2011 03 11 07 33 00 2 4709.688
2011 03 11 07 32 00 2 4709.686
2011 03 11 07 31 00 2 4709.686
2011 03 11 07 30 00 2 4709.679
2011 03 11 07 30 00 1 9999.000
2011 03 11 07 29 00 2 4709.683
2011 03 11 07 28 00 2 4709.678
2011 03 11 07 27 00 2 4709.677
2011 03 11 07 26 00 2 4709.676
2011 03 11 07 25 00 2 4709.678
2011 03 11 07 24 00 2 4709.663
2011 03 11 07 23 00 2 4709.671
2011 03 11 07 22 00 2 4709.667
2011 03 11 07 21 00 2 4709.663
2011 03 11 07 20 00 2 4709.660
2011 03 11 07 19 00 2 4709.662
2011 03 11 07 18 00 2 4709.652
2011 03 11 07 17 00 2 4709.668
2011 03 11 07 16 00 2 4709.655
2011 03 11 07 15 00 2 4709.653
2011 03 11 07 15 00 1 9999.000
2011 03 11 07 14 00 2 4709.652
2011 03 11 07 13 00 2 4709.642
2011 03 11 07 12 00 2 4709.650
2011 03 11 07 11 00 2 4709.641
2011 03 11 07 10 00 2 4709.643
2011 03 11 07 09 00 2 4709.641
2011 03 11 07 08 00 2 4709.647
2011 03 11 07 07 00 2 4709.639
2011 03 11 07 06 00 2 4709.633
2011 03 11 07 05 00 2 4709.642
2011 03 11 07 04 00 2 4709.627
2011 03 11 07 03 00 2 4709.627
2011 03 11 07 02 00 2 4709.634
2011 03 11 07 01 00 2 4709.620
2011 03 11 07 00 00 2 4709.631
2011 03 11 07 00 00 1 9999.000
2011 03 11 06 59 00 2 4709.617
2011 03 11 06 58 00 2 4709.619
2011 03 11 06 57 00 2 4709.624
2011 03 11 06 56 00 2 4709.611
2011 03 11 06 55 00 2 4709.618
2011 03 11 06 54 00 2 4709.598
2011 03 11 06 53 00 2 4709.614
2011 03 11 06 52 00 2 4709.603
2011 03 11 06 51 00 2 4709.621
2011 03 11 06 50 00 2 4709.608
2011 03 11 06 49 00 2 4709.592
2011 03 11 06 48 00 2 4709.608
2011 03 11 06 47 00 2 4709.595
2011 03 11 06 46 00 2 4709.582
2011 03 11 06 45 00 2 4709.606
2011 03 11 06 45 00 1 9999.000
2011 03 11 06 44 00 2 4709.594
2011 03 11 06 43 00 2 4709.577
2011 03 11 06 42 00 2 4709.595
2011 03 11 06 41 00 2 4709.595
2011 03 11 06 40 00 2 4709.593
2011 03 11 06 39 00 2 4709.566
2011 03 11 06 38 00 2 4709.577
2011 03 11 06 37 00 2 4709.568
2011 03 11 06 36 00 2 4709.588
2011 03 11 06 35 00 2 4709.572
2011 03 11 06 34 00 2 4709.556
2011 03 11 06 33 00 2 4709.573
2011 03 11 06 32 00 2 4709.582
2011 03 11 06 31 00 2 4709.549
2011 03 11 06 30 00 2 4709.571
2011 03 11 06 30 00 1 9999.000
2011 03 11 06 29 00 2 4709.564
2011 03 11 06 28 00 2 4709.551
2011 03 11 06 27 00 2 4709.555
2011 03 11 06 26 00 2 4709.568
2011 03 11 06 25 00 2 4709.542
2011 03 11 06 24 00 2 4709.547
2011 03 11 06 23 00 2 4709.557
2011 03 11 06 22 00 2 4709.543
2011 03 11 06 21 00 2 4709.547
2011 03 11 06 20 00 2 4709.534
2011 03 11 06 19 00 2 4709.542
2011 03 11 06 18 00 2 4709.542
2011 03 11 06 17 00 2 4709.512
2011 03 11 06 16 00 2 4709.563
2011 03 11 06 15 00 2 4709.511
2011 03 11 06 15 00 1 9999.000
2011 03 11 06 14 00 2 4709.520
2011 03 11 06 13 00 2 4709.538
2011 03 11 06 12 00 2 4709.523
2011 03 11 06 11 00 2 4709.517
2011 03 11 06 10 00 2 4709.503
2011 03 11 06 09 00 2 4709.538
2011 03 11 06 08 00 2 4709.503
2011 03 11 06 07 00 2 4709.497
2011 03 11 06 06 00 2 4709.557
2011 03 11 06 05 00 2 4709.444
2011 03 11 06 04 00 2 4709.525
2011 03 11 06 03 00 2 4709.507
2011 03 11 06 02 00 2 4709.502
2011 03 11 06 01 00 2 4709.512
2011 03 11 06 00 00 2 4709.506
2011 03 11 06 00 00 1 9999.000
2011 03 11 05 59 45 3 4709.375
2011 03 11 05 59 30 3 4709.433
2011 03 11 05 59 15 3 4709.514
2011 03 11 05 59 00 3 4709.595
2011 03 11 05 59 00 2 4709.479
2011 03 11 05 58 45 3 4709.553
2011 03 11 05 58 30 3 4709.512
2011 03 11 05 58 15 3 4709.659
2011 03 11 05 58 00 3 4709.284
2011 03 11 05 58 00 2 4709.455
2011 03 11 05 57 45 3 4709.465
2011 03 11 05 57 30 3 4709.453
2011 03 11 05 57 15 3 4709.441
2011 03 11 05 57 00 3 4709.508
2011 03 11 05 57 00 2 4709.491
2011 03 11 05 56 45 3 4709.481
2011 03 11 05 56 30 3 4709.521
2011 03 11 05 56 15 3 4709.484
2011 03 11 05 56 00 3 4709.480
2011 03 11 05 56 00 2 4709.492
2011 03 11 05 55 00 2 4709.483
2011 03 11 05 54 00 2 4709.475
2011 03 11 05 53 00 2 4709.468
2011 03 11 05 52 00 2 4709.479
2011 03 11 05 51 00 2 4709.470
2011 03 11 05 50 00 2 4709.467
2011 03 11 05 49 00 2 4709.465
2011 03 11 05 48 00 2 4709.462
2011 03 11 05 47 00 2 4709.460
2011 03 11 05 46 00 2 4709.458
2011 03 11 05 45 00 2 4709.457
2011 03 11 05 45 00 1 9999.000
2011 03 11 05 44 00 2 4709.454
2011 03 11 05 43 00 2 4709.453
2011 03 11 05 42 00 2 4709.450
2011 03 11 05 41 00 2 4709.447
2011 03 11 05 40 00 2 4709.445
2011 03 11 05 39 00 2 4709.443
2011 03 11 05 38 00 2 4709.441
2011 03 11 05 37 00 2 4709.437
2011 03 11 05 36 00 2 4709.436
2011 03 11 05 35 00 2 4709.432
2011 03 11 05 34 00 2 4709.431
2011 03 11 05 33 00 2 4709.429
2011 03 11 05 32 00 2 4709.426
2011 03 11 05 31 00 2 4709.425
2011 03 11 05 30 00 2 4709.422
2011 03 11 05 30 00 1 9999.000
2011 03 11 05 29 00 2 4709.419
2011 03 11 05 28 00 2 4709.418
2011 03 11 05 27 00 2 4709.416
2011 03 11 05 26 00 2 4709.413
2011 03 11 05 25 00 2 4709.410
2011 03 11 05 24 00 2 4709.408
2011 03 11 05 23 00 2 4709.406
2011 03 11 05 22 00 2 4709.403
2011 03 11 05 21 00 2 4709.400
2011 03 11 05 20 00 2 4709.398
2011 03 11 05 19 00 2 4709.395
2011 03 11 05 18 00 2 4709.393
2011 03 11 05 17 00 2 4709.391
2011 03 11 05 16 00 2 4709.389
2011 03 11 05 15 00 2 4709.387
2011 03 11 05 15 00 1 9999.000
2011 03 11 05 14 00 2 4709.384
2011 03 11 05 13 00 2 4709.383
2011 03 11 05 12 00 2 4709.380
2011 03 11 05 11 00 2 4709.378
2011 03 11 05 10 00 2 4709.376
2011 03 11 05 09 00 2 4709.374
2011 03 11 05 08 00 2 4709.372
2011 03 11 05 07 00 2 4709.370
2011 03 11 05 06 00 2 4709.368
2011 03 11 05 05 00 2 4709.366
2011 03 11 05 04 00 2 4709.364
2011 03 11 05 03 00 2 4709.361
2011 03 11 05 02 00 2 4709.360
2011 03 11 05 01 00 2 4709.358
2011 03 11 05 00 00 2 4709.356
2011 03 11 05 00 00 1 4709.355
2011 03 11 04 59 00 2 4709.353
2011 03 11 04 58 00 2 4709.351
2011 03 11 04 57 00 2 4709.349
2011 03 11 04 56 00 2 4709.347
2011 03 11 04 55 00 2 4709.344
2011 03 11 04 54 00 2 4709.342
2011 03 11 04 53 00 2 4709.341
2011 03 11 04 52 00 2 4709.339
2011 03 11 04 51 00 2 4709.337
2011 03 11 04 50 00 2 4709.334
2011 03 11 04 49 00 2 4709.333
2011 03 11 04 48 00 2 4709.331
2011 03 11 04 47 00 2 4709.329
2011 03 11 04 46 00 2 4709.327
2011 03 11 04 45 00 2 4709.325
2011 03 11 04 45 00 1 4709.325
2011 03 11 04 44 00 2 4709.323
2011 03 11 04 43 00 2 4709.321
2011 03 11 04 42 00 2 4709.319
2011 03 11 04 41 00 2 4709.316
2011 03 11 04 40 00 2 4709.315
2011 03 11 04 39 00 2 4709.312
2011 03 11 04 38 00 2 4709.310
2011 03 11 04 37 00 2 4709.308
2011 03 11 04 36 00 2 4709.306
2011 03 11 04 35 00 2 4709.303
2011 03 11 04 34 00 2 4709.300
2011 03 11 04 33 00 2 4709.299
2011 03 11 04 32 00 2 4709.297
2011 03 11 04 31 00 2 4709.295
2011 03 11 04 30 00 2 4709.293
2011 03 11 04 30 00 1 4709.292
2011 03 11 04 29 00 2 4709.289
2011 03 11 04 28 00 2 4709.289
2011 03 11 04 27 00 2 4709.285
2011 03 11 04 26 00 2 4709.283
2011 03 11 04 25 00 2 4709.281
2011 03 11 04 24 00 2 4709.280
2011 03 11 04 23 00 2 4709.278
2011 03 11 04 22 00 2 4709.276
2011 03 11 04 21 00 2 4709.274
2011 03 11 04 20 00 2 4709.272
2011 03 11 04 19 00 2 4709.270
2011 03 11 04 18 00 2 4709.268
2011 03 11 04 17 00 2 4709.267
2011 03 11 04 16 00 2 4709.265
2011 03 11 04 15 00 2 4709.264
2011 03 11 04 15 00 1 4709.263
2011 03 11 04 14 00 2 4709.262
2011 03 11 04 13 00 2 4709.259
2011 03 11 04 12 00 2 4709.258
2011 03 11 04 11 00 2 4709.256
2011 03 11 04 10 00 2 4709.254
2011 03 11 04 09 00 2 4709.252
2011 03 11 04 08 00 2 4709.251
2011 03 11 04 07 00 2 4709.249
2011 03 11 04 06 00 2 4709.248
2011 03 11 04 05 00 2 4709.246
2011 03 11 04 04 00 2 4709.243
2011 03 11 04 03 00 2 4709.241
2011 03 11 04 02 00 2 4709.240
2011 03 11 04 01 00 2 4709.238
2011 03 11 04 00 00 2 4709.236
2011 03 11 04 00 00 1 4709.235
