#YY  MM DD hh mm ss T   HEIGHT
#yr  mo dy hr mn  s -      m
2011 03 11 19 59 00 2 5465.517
2011 03 11 19 58 00 2 5465.527
2011 03 11 19 57 00 2 5465.541
2011 03 11 19 56 00 2 5465.556
2011 03 11 19 55 00 2 5465.543
2011 03 11 19 54 00 2 5465.533
2011 03 11 19 53 00 2 5465.534
2011 03 11 19 52 00 2 5465.519
2011 03 11 19 51 00 2 5465.507
2011 03 11 19 50 00 2 5465.497
2011 03 11 19 49 00 2 5465.517
2011 03 11 19 48 00 2 5465.535
2011 03 11 19 47 00 2 5465.507
2011 03 11 19 46 00 2 5465.505
2011 03 11 19 45 00 2 5465.517
2011 03 11 19 45 00 1 9999.000
2011 03 11 19 44 00 2 5465.527
2011 03 11 19 43 00 2 5465.554
2011 03 11 19 42 00 2 5465.549
2011 03 11 19 41 00 2 5465.540
2011 03 11 19 40 00 2 5465.546
2011 03 11 19 39 00 2 5465.560
2011 03 11 19 38 00 2 5465.563
2011 03 11 19 37 00 2 5465.565
2011 03 11 19 36 00 2 5465.571
2011 03 11 19 35 00 2 5465.575
2011 03 11 19 34 00 2 5465.581
2011 03 11 19 33 00 2 5465.581
2011 03 11 19 32 00 2 5465.589
2011 03 11 19 31 00 2 5465.593
2011 03 11 19 30 00 2 5465.594
2011 03 11 19 30 00 1 9999.000
2011 03 11 19 29 00 2 5465.595
2011 03 11 19 28 00 2 5465.588
2011 03 11 19 27 00 2 5465.577
2011 03 11 19 26 00 2 5465.572
2011 03 11 19 25 00 2 5465.595
2011 03 11 19 24 00 2 5465.612
2011 03 11 19 23 00 2 5465.591
2011 03 11 19 22 00 2 5465.588
2011 03 11 19 21 00 2 5465.583
2011 03 11 19 20 00 2 5465.583
2011 03 11 19 19 00 2 5465.584
2011 03 11 19 18 00 2 5465.590
2011 03 11 19 17 00 2 5465.607
2011 03 11 19 16 00 2 5465.619
2011 03 11 19 15 00 2 5465.626
2011 03 11 19 15 00 1 9999.000
2011 03 11 19 14 00 2 5465.625
2011 03 11 19 13 00 2 5465.617
2011 03 11 19 12 00 2 5465.613
2011 03 11 19 11 00 2 5465.614
2011 03 11 19 10 00 2 5465.614
2011 03 11 19 09 00 2 5465.623
2011 03 11 19 08 00 2 5465.638
2011 03 11 19 07 00 2 5465.644
2011 03 11 19 06 00 2 5465.645
2011 03 11 19 05 00 2 5465.650
2011 03 11 19 04 00 2 5465.635
2011 03 11 19 03 00 2 5465.625
2011 03 11 19 02 00 2 5465.618
2011 03 11 19 01 00 2 5465.616
2011 03 11 19 00 00 2 5465.619
2011 03 11 19 00 00 1 9999.000
2011 03 11 18 59 00 2 5465.620
2011 03 11 18 58 00 2 5465.621
2011 03 11 18 57 00 2 5465.625
2011 03 11 18 56 00 2 5465.634
2011 03 11 18 55 00 2 5465.651
2011 03 11 18 54 00 2 5465.659
2011 03 11 18 53 00 2 5465.637
2011 03 11 18 52 00 2 5465.608
2011 03 11 18 51 00 2 5465.610
2011 03 11 18 50 00 2 5465.625
2011 03 11 18 49 00 2 5465.608
2011 03 11 18 48 00 2 5465.619
2011 03 11 18 47 00 2 5465.622
2011 03 11 18 46 00 2 5465.630
2011 03 11 18 45 00 2 5465.657
2011 03 11 18 45 00 1 9999.000
2011 03 11 18 44 00 2 5465.649
2011 03 11 18 43 00 2 5465.632
2011 03 11 18 42 00 2 5465.618
2011 03 11 18 41 00 2 5465.624
2011 03 11 18 40 00 2 5465.649
2011 03 11 18 39 00 2 5465.665
2011 03 11 18 38 00 2 5465.667
2011 03 11 18 37 00 2 5465.673
2011 03 11 18 36 00 2 5465.665
2011 03 11 18 35 00 2 5465.667
2011 03 11 18 34 00 2 5465.647
2011 03 11 18 33 00 2 5465.657
2011 03 11 18 32 00 2 5465.671
2011 03 11 18 31 00 2 5465.679
2011 03 11 18 30 00 2 5465.683
2011 03 11 18 30 00 1 9999.000
2011 03 11 18 29 00 2 5465.677
2011 03 11 18 28 00 2 5465.650
2011 03 11 18 27 00 2 5465.641
2011 03 11 18 26 00 2 5465.635
2011 03 11 18 25 00 2 5465.644
2011 03 11 18 24 00 2 5465.651
2011 03 11 18 23 00 2 5465.663
2011 03 11 18 22 00 2 5465.689
2011 03 11 18 21 00 2 5465.711
2011 03 11 18 20 00 2 5465.706
2011 03 11 18 19 00 2 5465.707
2011 03 11 18 18 00 2 5465.710
2011 03 11 18 17 00 2 5465.706
2011 03 11 18 16 00 2 5465.695
2011 03 11 18 15 00 2 5465.695
2011 03 11 18 15 00 1 9999.000
2011 03 11 18 14 00 2 5465.694
2011 03 11 18 13 00 2 5465.691
2011 03 11 18 12 00 2 5465.680
2011 03 11 18 11 00 2 5465.658
2011 03 11 18 10 00 2 5465.642
2011 03 11 18 09 00 2 5465.650
2011 03 11 18 08 00 2 5465.656
2011 03 11 18 07 00 2 5465.649
2011 03 11 18 06 00 2 5465.654
2011 03 11 18 05 00 2 5465.674
2011 03 11 18 04 00 2 5465.672
2011 03 11 18 03 00 2 5465.660
2011 03 11 18 02 00 2 5465.679
2011 03 11 18 01 00 2 5465.685
2011 03 11 18 00 00 2 5465.689
2011 03 11 18 00 00 1 9999.000
2011 03 11 17 59 00 2 5465.689
2011 03 11 17 58 00 2 5465.686
2011 03 11 17 57 00 2 5465.672
2011 03 11 17 56 00 2 5465.674
2011 03 11 17 55 00 2 5465.692
2011 03 11 17 54 00 2 5465.711
2011 03 11 17 53 00 2 5465.715
2011 03 11 17 52 00 2 5465.710
2011 03 11 17 51 00 2 5465.693
2011 03 11 17 50 00 2 5465.699
2011 03 11 17 49 00 2 5465.702
2011 03 11 17 48 00 2 5465.708
2011 03 11 17 47 00 2 5465.704
2011 03 11 17 46 00 2 5465.692
2011 03 11 17 45 00 2 5465.705
2011 03 11 17 45 00 1 9999.000
2011 03 11 17 44 00 2 5465.706
2011 03 11 17 43 00 2 5465.712
2011 03 11 17 42 00 2 5465.710
2011 03 11 17 41 00 2 5465.698
2011 03 11 17 40 00 2 5465.698
2011 03 11 17 39 00 2 5465.691
2011 03 11 17 38 00 2 5465.697
2011 03 11 17 37 00 2 5465.699
2011 03 11 17 36 00 2 5465.707
2011 03 11 17 35 00 2 5465.717
2011 03 11 17 34 00 2 5465.723
2011 03 11 17 33 00 2 5465.730
2011 03 11 17 32 00 2 5465.727
2011 03 11 17 31 00 2 5465.709
2011 03 11 17 30 00 2 5465.712
2011 03 11 17 30 00 1 9999.000
2011 03 11 17 29 00 2 5465.733
2011 03 11 17 28 00 2 5465.710
2011 03 11 17 27 00 2 5465.689
2011 03 11 17 26 00 2 5465.705
2011 03 11 17 25 00 2 5465.711
2011 03 11 17 24 00 2 5465.730
2011 03 11 17 23 00 2 5465.723
2011 03 11 17 22 00 2 5465.702
2011 03 11 17 21 00 2 5465.700
2011 03 11 17 20 00 2 5465.718
2011 03 11 17 19 00 2 5465.728
2011 03 11 17 18 00 2 5465.720
2011 03 11 17 17 00 2 5465.729
2011 03 11 17 16 00 2 5465.715
2011 03 11 17 15 00 2 5465.722
2011 03 11 17 15 00 1 9999.000
2011 03 11 17 14 00 2 5465.732
2011 03 11 17 13 00 2 5465.725
2011 03 11 17 12 00 2 5465.706
2011 03 11 17 11 00 2 5465.693
2011 03 11 17 10 00 2 5465.693
2011 03 11 17 09 00 2 5465.702
2011 03 11 17 08 00 2 5465.695
2011 03 11 17 07 00 2 5465.685
2011 03 11 17 06 00 2 5465.657
2011 03 11 17 05 00 2 5465.668
2011 03 11 17 04 00 2 5465.681
2011 03 11 17 03 00 2 5465.692
2011 03 11 17 02 00 2 5465.694
2011 03 11 17 01 00 2 5465.691
2011 03 11 17 00 00 2 5465.689
2011 03 11 17 00 00 1 9999.000
2011 03 11 16 59 00 2 5465.676
2011 03 11 16 58 00 2 5465.687
2011 03 11 16 57 00 2 5465.688
2011 03 11 16 56 00 2 5465.697
2011 03 11 16 55 00 2 5465.698
2011 03 11 16 54 00 2 5465.685
2011 03 11 16 53 00 2 5465.665
2011 03 11 16 52 00 2 5465.692
2011 03 11 16 51 00 2 5465.712
2011 03 11 16 50 00 2 5465.734
2011 03 11 16 49 00 2 5465.754
2011 03 11 16 48 00 2 5465.766
2011 03 11 16 47 00 2 5465.764
2011 03 11 16 46 00 2 5465.779
2011 03 11 16 45 00 2 5465.777
2011 03 11 16 45 00 1 9999.000
2011 03 11 16 44 00 2 5465.775
2011 03 11 16 43 00 2 5465.763
2011 03 11 16 42 00 2 5465.743
2011 03 11 16 41 00 2 5465.746
2011 03 11 16 40 00 2 5465.751
2011 03 11 16 39 00 2 5465.739
2011 03 11 16 38 00 2 5465.701
2011 03 11 16 37 00 2 5465.695
2011 03 11 16 36 00 2 5465.706
2011 03 11 16 35 00 2 5465.691
2011 03 11 16 34 00 2 5465.683
2011 03 11 16 33 00 2 5465.694
2011 03 11 16 32 00 2 5465.710
2011 03 11 16 31 00 2 5465.714
2011 03 11 16 30 00 2 5465.733
2011 03 11 16 30 00 1 9999.000
2011 03 11 16 29 00 2 5465.735
2011 03 11 16 28 00 2 5465.741
2011 03 11 16 27 00 2 5465.757
2011 03 11 16 26 00 2 5465.787
2011 03 11 16 25 00 2 5465.768
2011 03 11 16 24 00 2 5465.753
2011 03 11 16 23 00 2 5465.741
2011 03 11 16 22 00 2 5465.721
2011 03 11 16 21 00 2 5465.711
2011 03 11 16 20 00 2 5465.710
2011 03 11 16 19 00 2 5465.724
2011 03 11 16 18 00 2 5465.686
2011 03 11 16 17 00 2 5465.687
2011 03 11 16 16 00 2 5465.707
2011 03 11 16 15 00 2 5465.713
2011 03 11 16 15 00 1 9999.000
2011 03 11 16 14 00 2 5465.712
2011 03 11 16 13 00 2 5465.729
2011 03 11 16 12 00 2 5465.750
2011 03 11 16 11 00 2 5465.748
2011 03 11 16 10 00 2 5465.739
2011 03 11 16 09 00 2 5465.725
2011 03 11 16 08 00 2 5465.729
2011 03 11 16 07 00 2 5465.708
2011 03 11 16 06 00 2 5465.729
2011 03 11 16 05 00 2 5465.732
2011 03 11 16 04 00 2 5465.748
2011 03 11 16 03 00 2 5465.760
2011 03 11 16 02 00 2 5465.720
2011 03 11 16 01 00 2 5465.744
2011 03 11 16 00 00 2 5465.736
2011 03 11 16 00 00 1 9999.000
2011 03 11 15 59 00 2 5465.711
2011 03 11 15 58 00 2 5465.720
2011 03 11 15 57 00 2 5465.713
2011 03 11 15 56 00 2 5465.706
2011 03 11 15 55 00 2 5465.713
2011 03 11 15 54 00 2 5465.694
2011 03 11 15 53 00 2 5465.679
2011 03 11 15 52 00 2 5465.711
2011 03 11 15 51 00 2 5465.718
2011 03 11 15 50 00 2 5465.697
2011 03 11 15 49 00 2 5465.693
2011 03 11 15 48 00 2 5465.706
2011 03 11 15 47 00 2 5465.730
2011 03 11 15 46 00 2 5465.736
2011 03 11 15 45 00 2 5465.722
2011 03 11 15 45 00 1 9999.000
2011 03 11 15 44 00 2 5465.687
2011 03 11 15 43 00 2 5465.700
2011 03 11 15 42 00 2 5465.689
2011 03 11 15 41 00 2 5465.664
2011 03 11 15 40 00 2 5465.707
2011 03 11 15 39 00 2 5465.711
2011 03 11 15 38 00 2 5465.674
2011 03 11 15 37 00 2 5465.691
2011 03 11 15 36 00 2 5465.700
2011 03 11 15 35 00 2 5465.706
2011 03 11 15 34 00 2 5465.709
2011 03 11 15 33 00 2 5465.690
2011 03 11 15 32 00 2 5465.695
2011 03 11 15 31 00 2 5465.709
2011 03 11 15 30 00 2 5465.715
2011 03 11 15 30 00 1 9999.000
2011 03 11 15 29 00 2 5465.720
2011 03 11 15 28 00 2 5465.714
2011 03 11 15 27 00 2 5465.704
2011 03 11 15 26 00 2 5465.692
2011 03 11 15 25 00 2 5465.690
2011 03 11 15 24 00 2 5465.700
2011 03 11 15 23 00 2 5465.715
2011 03 11 15 22 00 2 5465.704
2011 03 11 15 21 00 2 5465.722
2011 03 11 15 20 00 2 5465.726
2011 03 11 15 19 00 2 5465.709
2011 03 11 15 18 00 2 5465.693
2011 03 11 15 17 00 2 5465.660
2011 03 11 15 16 00 2 5465.653
2011 03 11 15 15 00 2 5465.661
2011 03 11 15 15 00 1 9999.000
2011 03 11 15 14 00 2 5465.654
2011 03 11 15 13 00 2 5465.668
2011 03 11 15 12 00 2 5465.697
2011 03 11 15 11 00 2 5465.687
2011 03 11 15 10 00 2 5465.670
2011 03 11 15 09 00 2 5465.686
2011 03 11 15 08 00 2 5465.702
2011 03 11 15 07 00 2 5465.730
2011 03 11 15 06 00 2 5465.755
2011 03 11 15 05 00 2 5465.732
2011 03 11 15 04 00 2 5465.707
2011 03 11 15 03 00 2 5465.688
2011 03 11 15 02 00 2 5465.653
2011 03 11 15 01 00 2 5465.664
2011 03 11 15 00 00 2 5465.666
2011 03 11 15 00 00 1 9999.000
2011 03 11 14 59 00 2 5465.646
2011 03 11 14 58 00 2 5465.656
2011 03 11 14 57 00 2 5465.657
2011 03 11 14 56 00 2 5465.662
2011 03 11 14 55 00 2 5465.677
2011 03 11 14 54 00 2 5465.665
2011 03 11 14 53 00 2 5465.664
2011 03 11 14 52 00 2 5465.709
2011 03 11 14 51 00 2 5465.696
2011 03 11 14 50 00 2 5465.683
2011 03 11 14 49 00 2 5465.689
2011 03 11 14 48 00 2 5465.696
2011 03 11 14 47 00 2 5465.719
2011 03 11 14 46 00 2 5465.716
2011 03 11 14 45 00 2 5465.686
2011 03 11 14 45 00 1 9999.000
2011 03 11 14 44 00 2 5465.675
2011 03 11 14 43 00 2 5465.678
2011 03 11 14 42 00 2 5465.683
2011 03 11 14 41 00 2 5465.692
2011 03 11 14 40 00 2 5465.709
2011 03 11 14 39 00 2 5465.703
2011 03 11 14 38 00 2 5465.684
2011 03 11 14 37 00 2 5465.706
2011 03 11 14 36 00 2 5465.689
2011 03 11 14 35 00 2 5465.666
2011 03 11 14 34 00 2 5465.699
2011 03 11 14 33 00 2 5465.696
2011 03 11 14 32 00 2 5465.694
2011 03 11 14 31 00 2 5465.707
2011 03 11 14 30 00 2 5465.674
2011 03 11 14 30 00 1 9999.000
2011 03 11 14 29 00 2 5465.675
2011 03 11 14 28 00 2 5465.701
2011 03 11 14 27 00 2 5465.683
2011 03 11 14 26 00 2 5465.674
2011 03 11 14 25 00 2 5465.685
2011 03 11 14 24 00 2 5465.674
2011 03 11 14 23 00 2 5465.671
2011 03 11 14 22 00 2 5465.671
2011 03 11 14 21 00 2 5465.662
2011 03 11 14 20 00 2 5465.662
2011 03 11 14 19 00 2 5465.669
2011 03 11 14 18 00 2 5465.683
2011 03 11 14 17 00 2 5465.649
2011 03 11 14 16 00 2 5465.640
2011 03 11 14 15 00 2 5465.694
2011 03 11 14 15 00 1 9999.000
2011 03 11 14 14 00 2 5465.697
2011 03 11 14 13 00 2 5465.690
2011 03 11 14 12 00 2 5465.704
2011 03 11 14 11 00 2 5465.647
2011 03 11 14 10 00 2 5465.624
2011 03 11 14 09 00 2 5465.634
2011 03 11 14 08 00 2 5465.633
2011 03 11 14 07 00 2 5465.601
2011 03 11 14 06 00 2 5465.598
2011 03 11 14 05 00 2 5465.608
2011 03 11 14 04 00 2 5465.616
2011 03 11 14 03 00 2 5465.600
2011 03 11 14 02 00 2 5465.604
2011 03 11 14 01 00 2 5465.630
2011 03 11 14 00 00 2 5465.636
2011 03 11 14 00 00 1 9999.000
2011 03 11 13 59 00 2 5465.644
2011 03 11 13 58 00 2 5465.652
2011 03 11 13 57 00 2 5465.661
2011 03 11 13 56 00 2 5465.672
2011 03 11 13 55 00 2 5465.662
2011 03 11 13 54 00 2 5465.652
2011 03 11 13 53 00 2 5465.658
2011 03 11 13 52 00 2 5465.652
2011 03 11 13 51 00 2 5465.678
2011 03 11 13 50 00 2 5465.689
2011 03 11 13 49 00 2 5465.671
2011 03 11 13 48 00 2 5465.681
2011 03 11 13 47 00 2 5465.679
2011 03 11 13 46 00 2 5465.671
2011 03 11 13 45 00 2 5465.658
2011 03 11 13 45 00 1 9999.000
2011 03 11 13 44 00 2 5465.659
2011 03 11 13 43 00 2 5465.673
2011 03 11 13 42 00 2 5465.684
2011 03 11 13 41 00 2 5465.677
2011 03 11 13 40 00 2 5465.650
2011 03 11 13 39 00 2 5465.662
2011 03 11 13 38 00 2 5465.651
2011 03 11 13 37 00 2 5465.649
2011 03 11 13 36 00 2 5465.661
2011 03 11 13 35 00 2 5465.645
2011 03 11 13 34 00 2 5465.649
2011 03 11 13 33 00 2 5465.674
2011 03 11 13 32 00 2 5465.676
2011 03 11 13 31 00 2 5465.665
2011 03 11 13 30 00 2 5465.647
2011 03 11 13 30 00 1 9999.000
2011 03 11 13 29 00 2 5465.653
2011 03 11 13 28 00 2 5465.634
2011 03 11 13 27 00 2 5465.608
2011 03 11 13 26 00 2 5465.618
2011 03 11 13 25 00 2 5465.625
2011 03 11 13 24 00 2 5465.612
2011 03 11 13 23 00 2 5465.624
2011 03 11 13 22 00 2 5465.660
2011 03 11 13 21 00 2 5465.648
2011 03 11 13 20 00 2 5465.660
2011 03 11 13 19 00 2 5465.697
2011 03 11 13 18 00 2 5465.645
2011 03 11 13 17 00 2 5465.638
2011 03 11 13 16 00 2 5465.656
2011 03 11 13 15 00 2 5465.637
2011 03 11 13 15 00 1 9999.000
2011 03 11 13 14 00 2 5465.675
2011 03 11 13 13 00 2 5465.694
2011 03 11 13 12 00 2 5465.679
2011 03 11 13 11 00 2 5465.690
2011 03 11 13 10 00 2 5465.689
2011 03 11 13 09 00 2 5465.682
2011 03 11 13 08 00 2 5465.692
2011 03 11 13 07 00 2 5465.687
2011 03 11 13 06 00 2 5465.648
2011 03 11 13 05 00 2 5465.631
2011 03 11 13 04 00 2 5465.660
2011 03 11 13 03 00 2 5465.635
2011 03 11 13 02 00 2 5465.624
2011 03 11 13 01 00 2 5465.633
2011 03 11 13 00 00 2 5465.594
2011 03 11 13 00 00 1 9999.000
2011 03 11 12 59 00 2 5465.614
2011 03 11 12 58 00 2 5465.605
2011 03 11 12 57 00 2 5465.543
2011 03 11 12 56 00 2 5465.583
2011 03 11 12 55 00 2 5465.621
2011 03 11 12 54 00 2 5465.605
2011 03 11 12 53 00 2 5465.611
2011 03 11 12 52 00 2 5465.610
2011 03 11 12 51 00 2 5465.621
2011 03 11 12 50 00 2 5465.618
2011 03 11 12 49 00 2 5465.644
2011 03 11 12 48 00 2 5465.662
2011 03 11 12 47 00 2 5465.605
2011 03 11 12 46 00 2 5465.608
2011 03 11 12 45 00 2 5465.605
2011 03 11 12 45 00 1 9999.000
2011 03 11 12 44 00 2 5465.554
2011 03 11 12 43 00 2 5465.574
2011 03 11 12 42 00 2 5465.622
2011 03 11 12 41 00 2 5465.605
2011 03 11 12 40 00 2 5465.627
2011 03 11 12 39 00 2 5465.632
2011 03 11 12 38 00 2 5465.585
2011 03 11 12 37 00 2 5465.620
2011 03 11 12 36 00 2 5465.618
2011 03 11 12 35 00 2 5465.619
2011 03 11 12 34 00 2 5465.626
2011 03 11 12 33 00 2 5465.610
2011 03 11 12 32 00 2 5465.641
2011 03 11 12 31 00 2 5465.638
2011 03 11 12 30 00 2 5465.589
2011 03 11 12 30 00 1 9999.000
2011 03 11 12 29 00 2 5465.596
2011 03 11 12 28 00 2 5465.616
2011 03 11 12 27 00 2 5465.548
2011 03 11 12 26 00 2 5465.596
2011 03 11 12 25 00 2 5465.642
2011 03 11 12 24 00 2 5465.599
2011 03 11 12 23 00 2 5465.614
2011 03 11 12 22 00 2 5465.616
2011 03 11 12 21 00 2 5465.637
2011 03 11 12 20 00 2 5465.686
2011 03 11 12 19 00 2 5465.662
2011 03 11 12 18 00 2 5465.591
2011 03 11 12 17 00 2 5465.613
2011 03 11 12 16 00 2 5465.624
2011 03 11 12 15 00 2 5465.617
2011 03 11 12 15 00 1 9999.000
2011 03 11 12 14 00 2 5465.628
2011 03 11 12 13 00 2 5465.562
2011 03 11 12 12 00 2 5465.567
2011 03 11 12 11 00 2 5465.608
2011 03 11 12 10 00 2 5465.592
2011 03 11 12 09 00 2 5465.566
2011 03 11 12 08 00 2 5465.577
2011 03 11 12 07 00 2 5465.601
2011 03 11 12 06 00 2 5465.552
2011 03 11 12 05 00 2 5465.564
2011 03 11 12 04 00 2 5465.607
2011 03 11 12 03 00 2 5465.594
2011 03 11 12 02 00 2 5465.618
2011 03 11 12 01 00 2 5465.623
2011 03 11 12 00 00 2 5465.595
2011 03 11 12 00 00 1 9999.000
2011 03 11 11 59 00 2 5465.604
2011 03 11 11 58 00 2 5465.637
2011 03 11 11 57 00 2 5465.615
2011 03 11 11 56 00 2 5465.583
2011 03 11 11 55 00 2 5465.605
2011 03 11 11 54 00 2 5465.596
2011 03 11 11 53 00 2 5465.587
2011 03 11 11 52 00 2 5465.616
2011 03 11 11 51 00 2 5465.619
2011 03 11 11 50 00 2 5465.604
2011 03 11 11 49 00 2 5465.598
2011 03 11 11 48 00 2 5465.603
2011 03 11 11 47 00 2 5465.617
2011 03 11 11 46 00 2 5465.615
2011 03 11 11 45 00 2 5465.617
2011 03 11 11 45 00 1 9999.000
2011 03 11 11 44 00 2 5465.617
2011 03 11 11 43 00 2 5465.612
2011 03 11 11 42 00 2 5465.630
2011 03 11 11 41 00 2 5465.635
2011 03 11 11 40 00 2 5465.596
2011 03 11 11 39 00 2 5465.567
2011 03 11 11 38 00 2 5465.585
2011 03 11 11 37 00 2 5465.598
2011 03 11 11 36 00 2 5465.598
2011 03 11 11 35 00 2 5465.619
2011 03 11 11 34 00 2 5465.620
2011 03 11 11 33 00 2 5465.596
2011 03 11 11 32 00 2 5465.590
2011 03 11 11 31 00 2 5465.589
2011 03 11 11 30 00 2 5465.572
2011 03 11 11 30 00 1 9999.000
2011 03 11 11 29 00 2 5465.566
2011 03 11 11 28 00 2 5465.576
2011 03 11 11 27 00 2 5465.565
2011 03 11 11 26 00 2 5465.557
2011 03 11 11 25 00 2 5465.593
2011 03 11 11 24 00 2 5465.598
2011 03 11 11 23 00 2 5465.586
2011 03 11 11 22 00 2 5465.615
2011 03 11 11 21 00 2 5465.592
2011 03 11 11 20 00 2 5465.541
2011 03 11 11 19 00 2 5465.546
2011 03 11 11 18 00 2 5465.545
2011 03 11 11 17 00 2 5465.542
2011 03 11 11 16 00 2 5465.577
2011 03 11 11 15 00 2 5465.592
2011 03 11 11 15 00 1 9999.000
2011 03 11 11 14 00 2 5465.565
2011 03 11 11 13 00 2 5465.536
2011 03 11 11 12 00 2 5465.546
2011 03 11 11 11 00 2 5465.533
2011 03 11 11 10 00 2 5465.461
2011 03 11 11 09 00 2 5465.468
2011 03 11 11 08 00 2 5465.539
2011 03 11 11 07 00 2 5465.543
2011 03 11 11 06 00 2 5465.553
2011 03 11 11 05 00 2 5465.583
2011 03 11 11 04 00 2 5465.582
2011 03 11 11 03 00 2 5465.605
2011 03 11 11 02 00 2 5465.594
2011 03 11 11 01 00 2 5465.527
2011 03 11 11 00 00 2 5465.527
2011 03 11 11 00 00 1 9999.000
2011 03 11 10 59 00 2 5465.549
2011 03 11 10 58 00 2 5465.520
2011 03 11 10 57 00 2 5465.522
2011 03 11 10 56 00 2 5465.539
2011 03 11 10 55 00 2 5465.548
2011 03 11 10 54 00 2 5465.616
2011 03 11 10 53 00 2 5465.642
2011 03 11 10 52 00 2 5465.571
2011 03 11 10 51 00 2 5465.535
2011 03 11 10 50 00 2 5465.549
2011 03 11 10 49 00 2 5465.556
2011 03 11 10 48 00 2 5465.599
2011 03 11 10 47 00 2 5465.630
2011 03 11 10 46 00 2 5465.595
2011 03 11 10 45 00 2 5465.573
2011 03 11 10 45 00 1 9999.000
2011 03 11 10 44 00 2 5465.595
2011 03 11 10 43 00 2 5465.606
2011 03 11 10 42 00 2 5465.622
2011 03 11 10 41 00 2 5465.616
2011 03 11 10 40 00 2 5465.555
2011 03 11 10 39 00 2 5465.539
2011 03 11 10 38 00 2 5465.611
2011 03 11 10 37 00 2 5465.635
2011 03 11 10 36 00 2 5465.584
2011 03 11 10 35 00 2 5465.572
2011 03 11 10 34 00 2 5465.587
2011 03 11 10 33 00 2 5465.550
2011 03 11 10 32 00 2 5465.513
2011 03 11 10 31 00 2 5465.532
2011 03 11 10 30 00 2 5465.539
2011 03 11 10 30 00 1 9999.000
2011 03 11 10 29 00 2 5465.501
2011 03 11 10 28 00 2 5465.480
2011 03 11 10 27 00 2 5465.480
2011 03 11 10 26 00 2 5465.471
2011 03 11 10 25 00 2 5465.480
2011 03 11 10 24 00 2 5465.515
2011 03 11 10 23 00 2 5465.531
2011 03 11 10 22 00 2 5465.518
2011 03 11 10 21 00 2 5465.521
2011 03 11 10 20 00 2 5465.533
2011 03 11 10 19 00 2 5465.511
2011 03 11 10 18 00 2 5465.483
2011 03 11 10 17 00 2 5465.491
2011 03 11 10 16 00 2 5465.512
2011 03 11 10 15 00 2 5465.515
2011 03 11 10 15 00 1 9999.000
2011 03 11 10 14 00 2 5465.512
2011 03 11 10 13 00 2 5465.527
2011 03 11 10 12 00 2 5465.539
2011 03 11 10 11 00 2 5465.524
2011 03 11 10 10 00 2 5465.500
2011 03 11 10 09 00 2 5465.502
2011 03 11 10 08 00 2 5465.522
2011 03 11 10 07 00 2 5465.527
2011 03 11 10 06 00 2 5465.506
2011 03 11 10 05 00 2 5465.477
2011 03 11 10 04 00 2 5465.473
2011 03 11 10 03 00 2 5465.503
2011 03 11 10 02 00 2 5465.539
2011 03 11 10 01 00 2 5465.558
2011 03 11 10 00 00 2 5465.557
2011 03 11 10 00 00 1 9999.000
2011 03 11 09 59 00 2 5465.557
2011 03 11 09 58 00 2 5465.573
2011 03 11 09 57 00 2 5465.602
2011 03 11 09 56 00 2 5465.626
2011 03 11 09 55 00 2 5465.618
2011 03 11 09 54 00 2 5465.579
2011 03 11 09 53 00 2 5465.524
2011 03 11 09 52 00 2 5465.485
2011 03 11 09 51 00 2 5465.496
2011 03 11 09 50 00 2 5465.540
2011 03 11 09 49 00 2 5465.582
2011 03 11 09 48 00 2 5465.583
2011 03 11 09 47 00 2 5465.554
2011 03 11 09 46 00 2 5465.521
2011 03 11 09 45 00 2 5465.512
2011 03 11 09 45 00 1 9999.000
2011 03 11 09 44 00 2 5465.523
2011 03 11 09 43 00 2 5465.528
2011 03 11 09 42 00 2 5465.512
2011 03 11 09 41 00 2 5465.481
2011 03 11 09 40 00 2 5465.455
2011 03 11 09 39 00 2 5465.446
2011 03 11 09 38 00 2 5465.453
2011 03 11 09 37 00 2 5465.461
2011 03 11 09 36 00 2 5465.465
2011 03 11 09 35 00 2 5465.473
2011 03 11 09 34 00 2 5465.493
2011 03 11 09 33 00 2 5465.524
2011 03 11 09 32 00 2 5465.574
2011 03 11 09 31 00 2 5465.635
2011 03 11 09 30 00 2 5465.696
2011 03 11 09 30 00 1 9999.000
2011 03 11 09 29 00 2 5465.747
2011 03 11 09 28 00 2 5465.783
2011 03 11 09 27 00 2 5465.798
2011 03 11 09 26 00 2 5465.794
2011 03 11 09 25 00 2 5465.777
2011 03 11 09 24 00 2 5465.744
2011 03 11 09 23 00 2 5465.705
2011 03 11 09 22 00 2 5465.667
2011 03 11 09 21 00 2 5465.629
2011 03 11 09 20 00 2 5465.597
2011 03 11 09 19 00 2 5465.573
2011 03 11 09 18 00 2 5465.553
2011 03 11 09 17 00 2 5465.538
2011 03 11 09 16 00 2 5465.530
2011 03 11 09 15 00 2 5465.526
2011 03 11 09 15 00 1 9999.000
2011 03 11 09 14 00 2 5465.524
2011 03 11 09 13 00 2 5465.518
2011 03 11 09 12 00 2 5465.517
2011 03 11 09 11 00 2 5465.518
2011 03 11 09 10 00 2 5465.515
2011 03 11 09 09 00 2 5465.515
2011 03 11 09 08 00 2 5465.518
2011 03 11 09 07 00 2 5465.517
2011 03 11 09 06 00 2 5465.515
2011 03 11 09 05 00 2 5465.515
2011 03 11 09 04 00 2 5465.515
2011 03 11 09 03 00 2 5465.513
2011 03 11 09 02 00 2 5465.512
2011 03 11 09 01 00 2 5465.513
2011 03 11 09 00 00 2 5465.515
2011 03 11 09 00 00 1 9999.000
2011 03 11 08 59 00 2 5465.510
2011 03 11 08 58 00 2 5465.511
2011 03 11 08 57 00 2 5465.509
2011 03 11 08 56 00 2 5465.507
2011 03 11 08 55 00 2 5465.509
2011 03 11 08 54 00 2 5465.507
2011 03 11 08 53 00 2 5465.508
2011 03 11 08 52 00 2 5465.508
2011 03 11 08 51 00 2 5465.503
2011 03 11 08 50 00 2 5465.503
2011 03 11 08 49 00 2 5465.504
2011 03 11 08 48 00 2 5465.502
2011 03 11 08 47 00 2 5465.503
2011 03 11 08 46 00 2 5465.502
2011 03 11 08 45 00 2 5465.500
2011 03 11 08 45 00 1 9999.000
2011 03 11 08 44 00 2 5465.501
2011 03 11 08 43 00 2 5465.497
2011 03 11 08 42 00 2 5465.501
2011 03 11 08 41 00 2 5465.495
2011 03 11 08 40 00 2 5465.496
2011 03 11 08 39 00 2 5465.500
2011 03 11 08 38 00 2 5465.491
2011 03 11 08 37 00 2 5465.491
2011 03 11 08 36 00 2 5465.495
2011 03 11 08 35 00 2 5465.492
2011 03 11 08 34 00 2 5465.491
2011 03 11 08 33 00 2 5465.487
2011 03 11 08 32 00 2 5465.488
2011 03 11 08 31 00 2 5465.487
2011 03 11 08 30 00 2 5465.488
2011 03 11 08 30 00 1 9999.000
2011 03 11 08 29 00 2 5465.487
2011 03 11 08 28 00 2 5465.484
2011 03 11 08 27 00 2 5465.481
2011 03 11 08 26 00 2 5465.482
2011 03 11 08 25 00 2 5465.481
2011 03 11 08 24 00 2 5465.483
2011 03 11 08 23 00 2 5465.480
2011 03 11 08 22 00 2 5465.478
2011 03 11 08 21 00 2 5465.475
2011 03 11 08 20 00 2 5465.478
2011 03 11 08 19 00 2 5465.476
2011 03 11 08 18 00 2 5465.478
2011 03 11 08 17 00 2 5465.473
2011 03 11 08 16 00 2 5465.472
2011 03 11 08 15 00 2 5465.472
2011 03 11 08 15 00 1 9999.000
2011 03 11 08 14 00 2 5465.468
2011 03 11 08 13 00 2 5465.467
2011 03 11 08 12 00 2 5465.471
2011 03 11 08 11 00 2 5465.469
2011 03 11 08 10 00 2 5465.464
2011 03 11 08 09 00 2 5465.465
2011 03 11 08 08 00 2 5465.463
2011 03 11 08 07 00 2 5465.462
2011 03 11 08 06 00 2 5465.462
2011 03 11 08 05 00 2 5465.459
2011 03 11 08 04 00 2 5465.462
2011 03 11 08 03 00 2 5465.455
2011 03 11 08 02 00 2 5465.456
2011 03 11 08 01 00 2 5465.455
2011 03 11 08 00 00 2 5465.455
2011 03 11 08 00 00 1 9999.000
2011 03 11 07 59 00 2 5465.455
2011 03 11 07 58 00 2 5465.454
2011 03 11 07 57 00 2 5465.447
2011 03 11 07 56 00 2 5465.450
2011 03 11 07 55 00 2 5465.455
2011 03 11 07 54 00 2 5465.444
2011 03 11 07 53 00 2 5465.445
2011 03 11 07 52 00 2 5465.446
2011 03 11 07 51 00 2 5465.444
2011 03 11 07 50 00 2 5465.436
2011 03 11 07 49 00 2 5465.444
2011 03 11 07 48 00 2 5465.442
2011 03 11 07 47 00 2 5465.439
2011 03 11 07 46 00 2 5465.434
2011 03 11 07 45 00 2 5465.439
2011 03 11 07 45 00 1 9999.000
2011 03 11 07 44 00 2 5465.432
2011 03 11 07 43 00 2 5465.432
2011 03 11 07 42 00 2 5465.434
2011 03 11 07 41 00 2 5465.430
2011 03 11 07 40 00 2 5465.431
2011 03 11 07 39 00 2 5465.428
2011 03 11 07 38 00 2 5465.430
2011 03 11 07 37 00 2 5465.420
2011 03 11 07 36 00 2 5465.423
2011 03 11 07 35 00 2 5465.424
2011 03 11 07 34 00 2 5465.421
2011 03 11 07 33 00 2 5465.422
2011 03 11 07 32 00 2 5465.414
2011 03 11 07 31 00 2 5465.417
2011 03 11 07 30 00 2 5465.419
2011 03 11 07 30 00 1 9999.000
2011 03 11 07 29 00 2 5465.417
2011 03 11 07 28 00 2 5465.412
2011 03 11 07 27 00 2 5465.413
2011 03 11 07 26 00 2 5465.413
2011 03 11 07 25 00 2 5465.407
2011 03 11 07 24 00 2 5465.406
2011 03 11 07 23 00 2 5465.409
2011 03 11 07 22 00 2 5465.406
2011 03 11 07 21 00 2 5465.404
2011 03 11 07 20 00 2 5465.408
2011 03 11 07 19 00 2 5465.398
2011 03 11 07 18 00 2 5465.397
2011 03 11 07 17 00 2 5465.406
2011 03 11 07 16 00 2 5465.395
2011 03 11 07 15 00 2 5465.396
2011 03 11 07 15 00 1 9999.000
2011 03 11 07 14 00 2 5465.394
2011 03 11 07 13 00 2 5465.396
2011 03 11 07 12 00 2 5465.395
2011 03 11 07 11 00 2 5465.391
2011 03 11 07 10 00 2 5465.390
2011 03 11 07 09 00 2 5465.397
2011 03 11 07 08 00 2 5465.385
2011 03 11 07 07 00 2 5465.385
2011 03 11 07 06 00 2 5465.387
2011 03 11 07 05 00 2 5465.381
2011 03 11 07 04 00 2 5465.384
2011 03 11 07 03 00 2 5465.379
2011 03 11 07 02 00 2 5465.377
2011 03 11 07 01 00 2 5465.385
2011 03 11 07 00 00 2 5465.380
2011 03 11 07 00 00 1 9999.000
2011 03 11 06 59 00 2 5465.369
2011 03 11 06 58 00 2 5465.375
2011 03 11 06 57 00 2 5465.375
2011 03 11 06 56 00 2 5465.379
2011 03 11 06 55 00 2 5465.363
2011 03 11 06 54 00 2 5465.367
2011 03 11 06 53 00 2 5465.369
2011 03 11 06 52 00 2 5465.366
2011 03 11 06 51 00 2 5465.366
2011 03 11 06 50 00 2 5465.364
2011 03 11 06 49 00 2 5465.356
2011 03 11 06 48 00 2 5465.371
2011 03 11 06 47 00 2 5465.359
2011 03 11 06 46 00 2 5465.353
2011 03 11 06 45 00 2 5465.359
2011 03 11 06 45 00 1 9999.000
2011 03 11 06 44 00 2 5465.356
2011 03 11 06 43 00 2 5465.351
2011 03 11 06 42 00 2 5465.362
2011 03 11 06 41 00 2 5465.349
2011 03 11 06 40 00 2 5465.340
2011 03 11 06 39 00 2 5465.358
2011 03 11 06 38 00 2 5465.356
2011 03 11 06 37 00 2 5465.332
2011 03 11 06 36 00 2 5465.350
2011 03 11 06 35 00 2 5465.344
2011 03 11 06 34 00 2 5465.330
2011 03 11 06 33 00 2 5465.346
2011 03 11 06 32 00 2 5465.348
2011 03 11 06 31 00 2 5465.330
2011 03 11 06 30 00 2 5465.340
2011 03 11 06 30 00 1 9999.000
2011 03 11 06 29 00 2 5465.325
2011 03 11 06 28 00 2 5465.337
2011 03 11 06 27 00 2 5465.338
2011 03 11 06 26 00 2 5465.325
2011 03 11 06 25 00 2 5465.322
2011 03 11 06 24 00 2 5465.334
2011 03 11 06 23 00 2 5465.309
2011 03 11 06 22 00 2 5465.336
2011 03 11 06 21 00 2 5465.318
2011 03 11 06 20 00 2 5465.319
2011 03 11 06 19 00 2 5465.335
2011 03 11 06 18 00 2 5465.312
2011 03 11 06 17 00 2 5465.313
2011 03 11 06 16 00 2 5465.300
2011 03 11 06 15 00 2 5465.308
2011 03 11 06 15 00 1 9999.000
2011 03 11 06 14 00 2 5465.334
2011 03 11 06 13 00 2 5465.294
2011 03 11 06 12 00 2 5465.313
2011 03 11 06 11 00 2 5465.311
2011 03 11 06 10 00 2 5465.295
2011 03 11 06 09 00 2 5465.325
2011 03 11 06 08 00 2 5465.278
2011 03 11 06 07 00 2 5465.310
2011 03 11 06 06 00 2 5465.292
2011 03 11 06 05 00 2 5465.302
2011 03 11 06 04 00 2 5465.279
2011 03 11 06 03 15 3 5465.196
2011 03 11 06 03 00 3 5465.363
2011 03 11 06 03 00 2 5465.310
2011 03 11 06 02 45 3 5465.314
2011 03 11 06 02 30 3 5465.266
2011 03 11 06 02 15 3 5465.209
2011 03 11 06 02 00 3 5465.388
2011 03 11 06 02 00 2 5465.314
2011 03 11 06 01 45 3 5465.290
2011 03 11 06 01 30 3 5465.183
2011 03 11 06 01 15 3 5465.231
2011 03 11 06 01 00 3 5465.191
2011 03 11 06 01 00 2 5465.293
2011 03 11 06 00 45 3 5465.152
2011 03 11 06 00 30 3 5465.331
2011 03 11 06 00 15 3 5465.436
2011 03 11 06 00 00 3 5465.138
2011 03 11 06 00 00 2 5465.264
2011 03 11 06 00 00 1 9999.000
2011 03 11 05 59 45 3 5465.301
2011 03 11 05 59 30 3 5465.342
2011 03 11 05 59 00 2 5465.300
2011 03 11 05 58 00 2 5465.279
2011 03 11 05 57 00 2 5465.287
2011 03 11 05 56 00 2 5465.284
2011 03 11 05 55 00 2 5465.280
2011 03 11 05 54 00 2 5465.280
2011 03 11 05 53 00 2 5465.280
2011 03 11 05 52 00 2 5465.276
2011 03 11 05 51 00 2 5465.274
2011 03 11 05 50 00 2 5465.272
2011 03 11 05 49 00 2 5465.271
2011 03 11 05 48 00 2 5465.269
2011 03 11 05 47 00 2 5465.267
2011 03 11 05 46 00 2 5465.264
2011 03 11 05 45 00 2 5465.264
2011 03 11 05 45 00 1 9999.000
2011 03 11 05 44 00 2 5465.262
2011 03 11 05 43 00 2 5465.261
2011 03 11 05 42 00 2 5465.258
2011 03 11 05 41 00 2 5465.256
2011 03 11 05 40 00 2 5465.256
2011 03 11 05 39 00 2 5465.254
2011 03 11 05 38 00 2 5465.252
2011 03 11 05 37 00 2 5465.250
2011 03 11 05 36 00 2 5465.248
2011 03 11 05 35 00 2 5465.248
2011 03 11 05 34 00 2 5465.246
2011 03 11 05 33 00 2 5465.244
2011 03 11 05 32 00 2 5465.242
2011 03 11 05 31 00 2 5465.240
2011 03 11 05 30 00 2 5465.238
2011 03 11 05 30 00 1 9999.000
2011 03 11 05 29 00 2 5465.238
2011 03 11 05 28 00 2 5465.235
2011 03 11 05 27 00 2 5465.233
2011 03 11 05 26 00 2 5465.231
2011 03 11 05 25 00 2 5465.229
2011 03 11 05 24 00 2 5465.228
2011 03 11 05 23 00 2 5465.226
2011 03 11 05 22 00 2 5465.223
2011 03 11 05 21 00 2 5465.222
2011 03 11 05 20 00 2 5465.220
2011 03 11 05 19 00 2 5465.218
2011 03 11 05 18 00 2 5465.217
2011 03 11 05 17 00 2 5465.215
2011 03 11 05 16 00 2 5465.214
2011 03 11 05 15 00 2 5465.212
2011 03 11 05 15 00 1 9999.000
2011 03 11 05 14 00 2 5465.210
2011 03 11 05 13 00 2 5465.208
2011 03 11 05 12 00 2 5465.206
2011 03 11 05 11 00 2 5465.205
2011 03 11 05 10 00 2 5465.203
2011 03 11 05 09 00 2 5465.202
2011 03 11 05 08 00 2 5465.199
2011 03 11 05 07 00 2 5465.198
2011 03 11 05 06 00 2 5465.196
2011 03 11 05 05 00 2 5465.195
2011 03 11 05 04 00 2 5465.193
2011 03 11 05 03 00 2 5465.191
2011 03 11 05 02 00 2 5465.190
2011 03 11 05 01 00 2 5465.189
2011 03 11 05 00 00 2 5465.187
2011 03 11 05 00 00 1 5465.187
2011 03 11 04 59 00 2 5465.185
2011 03 11 04 58 00 2 5465.184
2011 03 11 04 57 00 2 5465.182
2011 03 11 04 56 00 2 5465.180
2011 03 11 04 55 00 2 5465.178
2011 03 11 04 54 00 2 5465.176
2011 03 11 04 53 00 2 5465.175
2011 03 11 04 52 00 2 5465.172
2011 03 11 04 51 00 2 5465.170
2011 03 11 04 50 00 2 5465.169
2011 03 11 04 49 00 2 5465.167
2011 03 11 04 48 00 2 5465.164
2011 03 11 04 47 00 2 5465.163
2011 03 11 04 46 00 2 5465.161
2011 03 11 04 45 00 2 5465.160
2011 03 11 04 45 00 1 5465.159
2011 03 11 04 44 00 2 5465.157
2011 03 11 04 43 00 2 5465.157
2011 03 11 04 42 00 2 5465.156
2011 03 11 04 41 00 2 5465.153
2011 03 11 04 40 00 2 5465.151
2011 03 11 04 39 00 2 5465.150
2011 03 11 04 38 00 2 5465.148
2011 03 11 04 37 00 2 5465.147
2011 03 11 04 36 00 2 5465.146
2011 03 11 04 35 00 2 5465.145
2011 03 11 04 34 00 2 5465.142
2011 03 11 04 33 00 2 5465.141
2011 03 11 04 32 00 2 5465.140
2011 03 11 04 31 00 2 5465.137
2011 03 11 04 30 00 2 5465.137
2011 03 11 04 30 00 1 5465.136
2011 03 11 04 29 00 2 5465.135
2011 03 11 04 28 00 2 5465.133
2011 03 11 04 27 00 2 5465.132
2011 03 11 04 26 00 2 5465.132
2011 03 11 04 25 00 2 5465.129
2011 03 11 04 24 00 2 5465.126
2011 03 11 04 23 00 2 5465.126
2011 03 11 04 22 00 2 5465.124
2011 03 11 04 21 00 2 5465.121
2011 03 11 04 20 00 2 5465.122
2011 03 11 04 19 00 2 5465.120
2011 03 11 04 18 00 2 5465.118
2011 03 11 04 17 00 2 5465.116
2011 03 11 04 16 00 2 5465.114
2011 03 11 04 15 00 2 5465.113
2011 03 11 04 15 00 1 5465.113
2011 03 11 04 14 00 2 5465.112
2011 03 11 04 13 00 2 5465.110
2011 03 11 04 12 00 2 5465.108
2011 03 11 04 11 00 2 5465.107
2011 03 11 04 10 00 2 5465.106
2011 03 11 04 09 00 2 5465.105
2011 03 11 04 08 00 2 5465.103
2011 03 11 04 07 00 2 5465.101
2011 03 11 04 06 00 2 5465.099
2011 03 11 04 05 00 2 5465.097
2011 03 11 04 04 00 2 5465.096
2011 03 11 04 03 00 2 5465.095
2011 03 11 04 02 00 2 5465.093
2011 03 11 04 01 00 2 5465.092
2011 03 11 04 00 00 2 5465.092
2011 03 11 04 00 00 1 5465.092
