Model Comment
Strike: 202.00 Dip: 12.00 HypocenterDepth: 25.95
RuptureSpeed: 0.00
nx: 40 xMin: -0.00 xMax: 600.00
ny: 14 yMin: -0.00 yMax: 210.00
MomentScaleFactor: 1.0e19 N-m
minMoment: 0.000 maxMoment: 31.910
TotalMoment: 3635.947 Mw: 8.98
minDelayTime: 0.000 maxDelayTime: 0.000
nTimeStepsPerSubFault: 1 BasisTFtnDuration: 0.00
Trupture(s) X Y Lon Lat Depth Mo(DS) Mo(SS) Mo(total) Rake Duration(s)
113.2 -180.00 120.00   144.400   39.400    1.0    5.466    0.478    5.487    85  40.0
108.3 -165.00 120.00   144.335   39.275    1.0    4.213    0.369    4.229    85  40.0
103.5 -150.00 120.00   144.270   39.150    1.0    2.728    0.239    2.738    85  40.0
 98.9 -135.00 120.00   144.205   39.025    1.0    2.171    0.190    2.179    85  40.0
 94.5 -120.00 120.00   144.140   38.899    1.0    1.748    0.153    1.755    85  40.0
 90.4 -105.00 120.00   144.076   38.774    1.0    1.376    0.120    1.381    85  40.0
 86.7 -90.00 120.00   144.012   38.649    1.0    3.090    0.270    3.102    85  40.0
 83.3 -75.00 120.00   143.948   38.524    1.0    4.952    0.433    4.971    85  40.0
 80.3 -60.00 120.00   143.884   38.398    1.0    7.843    0.686    7.873    85  40.0
 77.9 -45.00 120.00   143.821   38.273    1.0   10.821    0.947   10.863    85  40.0
 76.1 -30.00 120.00   143.757   38.147    1.0   13.264    1.160   13.314    85  40.0
 75.0 -15.00 120.00   143.694   38.022    1.0   13.752    1.203   13.804    85  36.0
 74.7   0.00 120.00   143.632   37.897    1.0   13.743    1.202   13.795    85  20.0
 75.0  15.00 120.00   143.569   37.771    1.0   12.385    1.084   12.432    85  20.0
 76.1  30.00 120.00   143.507   37.645    1.0    9.821    0.859    9.859    85  20.0
 77.9  45.00 120.00   143.444   37.520    1.0    8.479    0.742    8.512    85  20.0
 80.3  60.00 120.00   143.382   37.394    1.0    6.175    0.540    6.199    85  20.0
 83.3  75.00 120.00   143.321   37.269    1.0    4.319    0.378    4.336    85  36.0
 86.7  90.00 120.00   143.259   37.143    1.0    2.969    0.260    2.980    85  40.0
 90.4 105.00 120.00   143.198   37.017    1.0    1.935    0.169    1.942    85  40.0
 94.5 120.00 120.00   143.137   36.892    1.0    0.683    0.060    0.686    85  40.0
 98.9 135.00 120.00   143.076   36.766    1.0    0.009    0.001    0.009    85  40.0
103.5 150.00 120.00   143.015   36.640    1.0    0.009    0.001    0.009    85  40.0
108.3 165.00 120.00   142.954   36.514    1.0    0.009    0.001    0.009    85  40.0
113.2 180.00 120.00   142.894   36.388    1.0    0.008    0.001    0.008    85  40.0
118.3 195.00 120.00   142.834   36.262    1.0    0.008    0.001    0.008    85  40.0
123.4 210.00 120.00   142.774   36.136    1.0    0.010    0.001    0.011    85  40.0
128.7 225.00 120.00   142.714   36.011    1.0    0.506    0.044    0.508    85  40.0
134.0 240.00 120.00   142.655   35.885    1.0    0.919    0.080    0.922    85  40.0
139.4 255.00 120.00   142.595   35.759    1.0    1.087    0.095    1.091    85  40.0
144.9 270.00 120.00   142.536   35.633    1.0    1.546    0.135    1.552    85  40.0
150.4 285.00 120.00   142.477   35.506    1.0    1.839    0.161    1.846    85  40.0
155.9 300.00 120.00   142.418   35.380    1.0    1.816    0.159    1.823    85  40.0
161.5 315.00 120.00   142.359   35.254    1.0    1.137    0.100    1.142    85  40.0
167.1 330.00 120.00   142.301   35.128    1.0    0.414    0.036    0.415    85  40.0
172.8 345.00 120.00   142.243   35.002    1.0    0.000    0.000    0.000     0  40.0
178.5 360.00 120.00   142.185   34.876    1.0    0.000    0.000    0.000     0  36.0
184.2 375.00 120.00   142.127   34.749    1.0    0.000    0.000    0.000     0  36.0
189.9 390.00 120.00   142.069   34.623    1.0    0.000    0.000    0.000     0  32.0
195.6 405.00 120.00   142.011   34.497    1.0    0.000    0.000    0.000     0  36.0
110.0 -180.00 105.00   144.242   39.449    4.1    4.347    0.380    4.364    85  40.0
104.9 -165.00 105.00   144.176   39.324    4.1    2.294    0.201    2.303    85  40.0
 99.9 -150.00 105.00   144.111   39.199    4.1    1.348    0.118    1.353    85  40.0
 95.1 -135.00 105.00   144.046   39.074    4.1    0.748    0.065    0.750    85  40.0
 90.4 -120.00 105.00   143.982   38.949    4.1    0.610    0.053    0.612    85  40.0
 86.1 -105.00 105.00   143.917   38.823    4.1    1.766    0.155    1.773    85  40.0
 82.0 -90.00 105.00   143.853   38.698    4.1    3.866    0.338    3.881    85  40.0
 78.3 -75.00 105.00   143.789   38.573    4.1    6.701    0.586    6.726    85  40.0
 75.0 -60.00 105.00   143.725   38.448    4.1    9.734    0.852    9.772    85  40.0
 72.4 -45.00 105.00   143.662   38.322    4.1   13.210    1.156   13.260    85  40.0
 70.3 -30.00 105.00   143.599   38.197    4.1   16.193    1.417   16.255    85  40.0
 69.1 -15.00 105.00   143.536   38.071    4.1   17.385    1.521   17.451    85  36.0
 68.7   0.00 105.00   143.473   37.946    4.1   17.253    1.509   17.319    85  20.0
 69.1  15.00 105.00   143.410   37.820    4.1   16.088    1.408   16.150    85  20.0
 70.3  30.00 105.00   143.348   37.695    4.1   13.905    1.217   13.958    85  20.0
 72.4  45.00 105.00   143.285   37.569    4.1   11.143    0.975   11.185    85  20.0
 75.0  60.00 105.00   143.223   37.444    4.1    8.611    0.753    8.644    85  20.0
 78.3  75.00 105.00   143.162   37.318    4.1    6.119    0.535    6.142    85  40.0
 82.0  90.00 105.00   143.100   37.192    4.1    4.543    0.397    4.561    85  40.0
 86.1 105.00 105.00   143.039   37.067    4.1    2.933    0.257    2.944    85  40.0
 90.4 120.00 105.00   142.977   36.941    4.1    1.588    0.139    1.594    85  40.0
 95.1 135.00 105.00   142.916   36.815    4.1    0.448    0.039    0.450    85  40.0
 99.9 150.00 105.00   142.856   36.689    4.1    0.009    0.001    0.009    85  40.0
104.9 165.00 105.00   142.795   36.563    4.1    0.009    0.001    0.009    85  40.0
110.0 180.00 105.00   142.735   36.438    4.1    0.008    0.001    0.008    85  40.0
115.3 195.00 105.00   142.674   36.312    4.1    0.008    0.001    0.008    85  40.0
120.6 210.00 105.00   142.614   36.186    4.1    0.284    0.025    0.285    85  40.0
126.0 225.00 105.00   142.555   36.060    4.1    0.875    0.077    0.879    85  40.0
131.5 240.00 105.00   142.495   35.934    4.1    1.243    0.109    1.248    85  40.0
137.0 255.00 105.00   142.436   35.808    4.1    2.013    0.176    2.021    85  40.0
142.5 270.00 105.00   142.376   35.682    4.1    2.483    0.217    2.493    85  40.0
148.2 285.00 105.00   142.317   35.556    4.1    2.348    0.205    2.357    85  40.0
153.8 300.00 105.00   142.258   35.430    4.1    2.332    0.204    2.341    85  40.0
159.5 315.00 105.00   142.200   35.304    4.1    1.480    0.130    1.486    85  40.0
165.2 330.00 105.00   142.141   35.177    4.1    0.566    0.050    0.568    85  36.0
170.9 345.00 105.00   142.083   35.051    4.1    0.000    0.000    0.000     0  36.0
176.7 360.00 105.00   142.025   34.925    4.1    0.000    0.000    0.000     0  36.0
182.4 375.00 105.00   141.967   34.799    4.1    0.000    0.000    0.000     0  36.0
188.2 390.00 105.00   141.909   34.672    4.1    0.000    0.000    0.000     0  28.0
194.0 405.00 105.00   141.852   34.546    4.1    0.000    0.000    0.000     0  32.0
107.2 -180.00  90.00   144.083   39.498    7.2    3.262    0.285    3.274    85  40.0
101.8 -165.00  90.00   144.018   39.373    7.2    1.306    0.114    1.311    85  40.0
 96.6 -150.00  90.00   143.952   39.248    7.2    0.228    0.020    0.229    85  40.0
 91.6 -135.00  90.00   143.887   39.123    7.2    0.024    0.002    0.024    85  40.0
 86.7 -120.00  90.00   143.823   38.998    7.2    0.665    0.058    0.667    85  40.0
 82.0 -105.00  90.00   143.758   38.873    7.2    2.518    0.220    2.528    85  40.0
 77.6 -90.00  90.00   143.694   38.747    7.2    5.099    0.446    5.119    85  40.0
 73.5 -75.00  90.00   143.630   38.622    7.2    8.830    0.772    8.863    85  40.0
 69.9 -60.00  90.00   143.566   38.497    7.2   13.126    1.148   13.176    85  40.0
 66.9 -45.00  90.00   143.503   38.371    7.2   17.097    1.496   17.163    85  40.0
 63.2 -30.00  90.00   143.439   38.246    7.2   20.162    1.764   20.239    85  40.0
 60.8 -15.00  90.00   143.376   38.120    7.2   21.992    1.924   22.076    85  20.0
 60.0   0.00  90.00   143.313   37.995    7.2   21.863    1.913   21.946    85  24.0
 60.8  15.00  90.00   143.251   37.869    7.2   20.471    1.791   20.549    85  20.0
 63.2  30.00  90.00   143.188   37.744    7.2   18.103    1.584   18.172    85  20.0
 66.9  45.00  90.00   143.126   37.618    7.2   15.244    1.334   15.303    85  20.0
 69.9  60.00  90.00   143.064   37.493    7.2   13.090    1.145   13.140    85  20.0
 73.5  75.00  90.00   143.002   37.367    7.2   10.366    0.907   10.406    85  20.0
 77.6  90.00  90.00   142.941   37.241    7.2    8.793    0.769    8.826    85  40.0
 82.0 105.00  90.00   142.879   37.116    7.2    6.725    0.588    6.751    85  40.0
 86.7 120.00  90.00   142.818   36.990    7.2    5.464    0.478    5.485    85  40.0
 91.6 135.00  90.00   142.757   36.864    7.2    3.925    0.343    3.940    85  40.0
 96.6 150.00  90.00   142.696   36.738    7.2    2.025    0.177    2.033    85  40.0
101.8 165.00  90.00   142.635   36.613    7.2    2.339    0.205    2.348    85  40.0
107.2 180.00  90.00   142.575   36.487    7.2    1.481    0.130    1.486    85  40.0
112.6 195.00  90.00   142.515   36.361    7.2    0.347    0.030    0.348    85  40.0
118.1 210.00  90.00   142.455   36.235    7.2    0.566    0.050    0.569    85  40.0
123.6 225.00  90.00   142.395   36.109    7.2    1.066    0.093    1.070    85  40.0
129.2 240.00  90.00   142.335   35.983    7.2    1.489    0.130    1.495    85  40.0
134.8 255.00  90.00   142.276   35.857    7.2    2.405    0.210    2.415    85  40.0
140.5 270.00  90.00   142.217   35.731    7.2    2.749    0.241    2.759    85  40.0
146.2 285.00  90.00   142.158   35.605    7.2    2.705    0.237    2.715    85  40.0
152.0 300.00  90.00   142.099   35.479    7.2    2.386    0.209    2.396    85  36.0
157.7 315.00  90.00   142.040   35.353    7.2    1.288    0.113    1.293    85  36.0
163.5 330.00  90.00   141.981   35.226    7.2    0.209    0.018    0.210    85  32.0
169.3 345.00  90.00   141.923   35.100    7.2    0.000    0.000    0.000     0  36.0
175.1 360.00  90.00   141.865   34.974    7.2    0.000    0.000    0.000     0  36.0
180.9 375.00  90.00   141.807   34.848    7.2    0.000    0.000    0.000     0  36.0
186.8 390.00  90.00   141.749   34.722    7.2    0.000    0.000    0.000     0  36.0
192.6 405.00  90.00   141.691   34.595    7.2    0.000    0.000    0.000     0  36.0
104.7 -180.00  75.00   143.924   39.547   10.4    2.893    0.253    2.904    85  40.0
 99.2 -165.00  75.00   143.859   39.422   10.4    0.603    0.053    0.606    85  40.0
 93.7 -150.00  75.00   143.793   39.297   10.4    0.000    0.000    0.000     0  40.0
 88.4 -135.00  75.00   143.728   39.172   10.4    0.319    0.028    0.320    85  40.0
 83.3 -120.00  75.00   143.664   39.047   10.4    1.710    0.150    1.717    85  40.0
 78.3 -105.00  75.00   143.599   38.921   10.4    3.673    0.321    3.687    85  40.0
 73.5 -90.00  75.00   143.535   38.796   10.4    8.313    0.727    8.345    85  40.0
 69.1 -75.00  75.00   143.471   38.671   10.4   11.801    1.032   11.846    85  40.0
 64.0 -60.00  75.00   143.407   38.546   10.4   16.071    1.406   16.132    85  40.0
 58.3 -45.00  75.00   143.344   38.420   10.4   20.659    1.807   20.738    85  40.0
 53.9 -30.00  75.00   143.280   38.295   10.4   24.404    2.135   24.497    85  32.0
 51.0 -15.00  75.00   143.217   38.169   10.4   26.040    2.278   26.139    85  36.0
 50.0   0.00  75.00   143.154   38.044   10.4   26.979    2.360   27.082    85  24.0
 51.0  15.00  75.00   143.091   37.918   10.4   25.294    2.213   25.391    85  20.0
 53.9  30.00  75.00   143.029   37.793   10.4   22.779    1.993   22.866    85  20.0
 58.3  45.00  75.00   142.967   37.667   10.4   20.899    1.828   20.979    85  20.0
 64.0  60.00  75.00   142.904   37.542   10.4   18.346    1.605   18.416    85  20.0
 69.1  75.00  75.00   142.843   37.416   10.4   16.170    1.415   16.232    85  20.0
 73.5  90.00  75.00   142.781   37.290   10.4   14.959    1.309   15.016    85  20.0
 78.3 105.00  75.00   142.719   37.165   10.4   13.166    1.152   13.216    85  40.0
 83.3 120.00  75.00   142.658   37.039   10.4   10.579    0.926   10.619    85  40.0
 88.4 135.00  75.00   142.597   36.913   10.4    8.995    0.787    9.030    85  40.0
 93.7 150.00  75.00   142.536   36.787   10.4    7.256    0.635    7.284    85  40.0
 99.2 165.00  75.00   142.476   36.661   10.4    6.286    0.550    6.310    85  40.0
104.7 180.00  75.00   142.415   36.536   10.4    4.876    0.427    4.895    85  40.0
110.2 195.00  75.00   142.355   36.410   10.4    3.627    0.317    3.641    85  40.0
115.9 210.00  75.00   142.295   36.284   10.4    2.316    0.203    2.325    85  40.0
121.5 225.00  75.00   142.235   36.158   10.4    2.397    0.210    2.406    85  40.0
127.2 240.00  75.00   142.175   36.032   10.4    2.477    0.217    2.486    85  40.0
133.0 255.00  75.00   142.116   35.906   10.4    2.429    0.213    2.438    85  40.0
138.8 270.00  75.00   142.057   35.780   10.4    2.830    0.248    2.840    85  40.0
144.5 285.00  75.00   141.997   35.654   10.4    2.649    0.232    2.659    85  40.0
150.4 300.00  75.00   141.939   35.528   10.4    2.060    0.180    2.067    85  32.0
156.2 315.00  75.00   141.880   35.401   10.4    0.695    0.061    0.698    85  32.0
162.0 330.00  75.00   141.821   35.275   10.4    0.003    0.000    0.003    85  36.0
167.9 345.00  75.00   141.763   35.149   10.4    0.000    0.000    0.000     0  40.0
173.8 360.00  75.00   141.705   35.023   10.4    0.000    0.000    0.000     0  40.0
179.6 375.00  75.00   141.647   34.897   10.4    0.000    0.000    0.000     0  40.0
185.5 390.00  75.00   141.589   34.770   10.4    0.000    0.000    0.000     0  40.0
191.4 405.00  75.00   141.531   34.644   10.4    0.000    0.000    0.000     0  40.0
102.6 -180.00  60.00   143.765   39.596   13.5    2.326    0.204    2.335    85  40.0
 96.9 -165.00  60.00   143.699   39.471   13.5    0.690    0.060    0.693    85  40.0
 91.3 -150.00  60.00   143.634   39.346   13.5    1.162    0.102    1.166    85  40.0
 85.8 -135.00  60.00   143.569   39.221   13.5    2.027    0.177    2.035    85  40.0
 80.3 -120.00  60.00   143.504   39.095   13.5    3.896    0.341    3.911    85  40.0
 75.0 -105.00  60.00   143.440   38.970   13.5    6.617    0.579    6.643    85  40.0
 69.9 -90.00  60.00   143.376   38.845   13.5   10.854    0.950   10.895    85  28.0
 64.0 -75.00  60.00   143.312   38.720   13.5   14.551    1.273   14.607    85  24.0
 56.6 -60.00  60.00   143.248   38.594   13.5   19.251    1.684   19.324    85  36.0
 50.0 -45.00  60.00   143.184   38.469   13.5   23.305    2.039   23.394    85  40.0
 44.7 -30.00  60.00   143.121   38.343   13.5   27.191    2.379   27.295    85  40.0
 41.2 -15.00  60.00   143.057   38.218   13.5   29.639    2.593   29.752    85  40.0
 40.0   0.00  60.00   142.994   38.093   13.5   30.878    2.701   30.996    85  36.0
 41.2  15.00  60.00   142.932   37.967   13.5   29.713    2.600   29.826    85  28.0
 44.7  30.00  60.00   142.869   37.841   13.5   28.800    2.520   28.910    85  32.0
 50.0  45.00  60.00   142.807   37.716   13.5   26.655    2.332   26.757    85  28.0
 56.6  60.00  60.00   142.745   37.590   13.5   24.571    2.150   24.665    85  28.0
 64.0  75.00  60.00   142.683   37.465   13.5   23.289    2.037   23.378    85  20.0
 69.9  90.00  60.00   142.621   37.339   13.5   21.812    1.908   21.895    85  24.0
 75.0 105.00  60.00   142.560   37.213   13.5   19.596    1.714   19.671    85  40.0
 80.3 120.00  60.00   142.498   37.087   13.5   17.548    1.535   17.615    85  40.0
 85.8 135.00  60.00   142.437   36.962   13.5   15.280    1.337   15.338    85  40.0
 91.3 150.00  60.00   142.376   36.836   13.5   12.852    1.124   12.901    85  40.0
 96.9 165.00  60.00   142.316   36.710   13.5   10.996    0.962   11.038    85  40.0
102.6 180.00  60.00   142.255   36.584   13.5    9.623    0.842    9.660    85  40.0
108.3 195.00  60.00   142.195   36.458   13.5    7.226    0.632    7.253    85  40.0
114.0 210.00  60.00   142.135   36.332   13.5    5.670    0.496    5.691    85  40.0
119.8 225.00  60.00   142.075   36.206   13.5    4.171    0.365    4.186    85  40.0
125.6 240.00  60.00   142.015   36.080   13.5    3.709    0.324    3.723    85  40.0
131.5 255.00  60.00   141.956   35.954   13.5    3.458    0.303    3.471    85  28.0
137.3 270.00  60.00   141.896   35.828   13.5    3.064    0.268    3.076    85  28.0
143.2 285.00  60.00   141.837   35.702   13.5    2.249    0.197    2.258    85  24.0
149.0 300.00  60.00   141.778   35.576   13.5    1.130    0.099    1.134    85  36.0
154.9 315.00  60.00   141.719   35.450   13.5    0.035    0.003    0.035    85  36.0
160.8 330.00  60.00   141.661   35.324   13.5    0.011    0.001    0.011    85  40.0
166.7 345.00  60.00   141.602   35.198   13.5    0.000    0.000    0.000     0  40.0
172.7 360.00  60.00   141.544   35.072   13.5    0.005    0.000    0.005    85  40.0
178.6 375.00  60.00   141.486   34.945   13.5    0.000    0.000    0.000     0  40.0
184.5 390.00  60.00   141.428   34.819   13.5    0.012    0.001    0.012    85  40.0
190.4 405.00  60.00   141.371   34.693   13.5    0.011    0.001    0.011    85  40.0
100.9 -180.00  45.00   143.606   39.644   16.6    1.330    0.116    1.335    85  40.0
 95.1 -165.00  45.00   143.540   39.519   16.6    0.448    0.039    0.450    85  40.0
 89.3 -150.00  45.00   143.475   39.394   16.6    1.593    0.139    1.599    85  40.0
 83.6 -135.00  45.00   143.410   39.269   16.6    3.631    0.318    3.644    85  40.0
 77.9 -120.00  45.00   143.345   39.144   16.6    5.395    0.472    5.415    85  40.0
 72.4 -105.00  45.00   143.280   39.019   16.6    8.464    0.741    8.497    85  20.0
 66.9 -90.00  45.00   143.216   38.893   16.6   12.412    1.086   12.459    85  20.0
 58.3 -75.00  45.00   143.152   38.768   16.6   15.005    1.313   15.063    85  24.0
 50.0 -60.00  45.00   143.088   38.643   16.6   18.751    1.641   18.823    85  36.0
 42.4 -45.00  45.00   143.024   38.517   16.6   22.757    1.991   22.844    85  40.0
 36.1 -30.00  45.00   142.961   38.392   16.6   26.259    2.297   26.360    85  40.0
 31.6 -15.00  45.00   142.898   38.266   16.6   28.916    2.530   29.026    85  40.0
 30.0   0.00  45.00   142.835   38.141   16.6   30.204    2.642   30.319    85  24.0
 31.6  15.00  45.00   142.772   38.015   16.6   30.876    2.701   30.994    85  28.0
 36.1  30.00  45.00   142.709   37.890   16.6   31.267    2.736   31.387    85  28.0
 42.4  45.00  45.00   142.647   37.764   16.6   30.447    2.664   30.563    85  36.0
 50.0  60.00  45.00   142.585   37.639   16.6   29.272    2.561   29.384    85  36.0
 58.3  75.00  45.00   142.523   37.513   16.6   28.133    2.461   28.240    85  28.0
 66.9  90.00  45.00   142.461   37.387   16.6   27.667    2.421   27.772    85  20.0
 72.4 105.00  45.00   142.399   37.262   16.6   24.756    2.166   24.851    85  20.0
 77.9 120.00  45.00   142.338   37.136   16.6   22.716    1.987   22.803    85  40.0
 83.6 135.00  45.00   142.277   37.010   16.6   19.883    1.740   19.959    85  40.0
 89.3 150.00  45.00   142.216   36.884   16.6   17.090    1.495   17.155    85  40.0
 95.1 165.00  45.00   142.155   36.759   16.6   14.176    1.240   14.230    85  40.0
100.9 180.00  45.00   142.095   36.633   16.6   11.117    0.973   11.159    85  40.0
106.7 195.00  45.00   142.035   36.507   16.6    9.403    0.823    9.438    85  40.0
112.6 210.00  45.00   141.974   36.381   16.6    7.126    0.623    7.154    85  40.0
118.4 225.00  45.00   141.914   36.255   16.6    4.573    0.400    4.591    85  40.0
124.3 240.00  45.00   141.855   36.129   16.6    4.038    0.353    4.053    85  40.0
130.2 255.00  45.00   141.795   36.003   16.6    3.361    0.294    3.374    85  28.0
136.2 270.00  45.00   141.736   35.877   16.6    2.081    0.182    2.089    85  24.0
142.1 285.00  45.00   141.677   35.751   16.6    0.911    0.080    0.915    85  24.0
148.0 300.00  45.00   141.618   35.625   16.6    0.005    0.000    0.005    85  40.0
153.9 315.00  45.00   141.559   35.499   16.6    0.004    0.000    0.004    85  40.0
159.9 330.00  45.00   141.500   35.372   16.6    0.000    0.000    0.000     0  40.0
165.8 345.00  45.00   141.442   35.246   16.6    0.013    0.001    0.013    85  40.0
171.8 360.00  45.00   141.384   35.120   16.6    0.022    0.002    0.022    85  40.0
177.7 375.00  45.00   141.325   34.994   16.6    0.026    0.002    0.026    85  40.0
183.7 390.00  45.00   141.268   34.867   16.6    0.028    0.002    0.028    85  40.0
189.7 405.00  45.00   141.210   34.741   16.6    0.044    0.004    0.044    85  40.0
 99.7 -180.00  30.00   143.446   39.693   19.7    0.450    0.039    0.451    85  40.0
 93.7 -165.00  30.00   143.380   39.568   19.7    0.012    0.001    0.012    85  40.0
 87.9 -150.00  30.00   143.315   39.442   19.7    0.775    0.068    0.778    85  40.0
 82.0 -135.00  30.00   143.250   39.317   19.7    3.214    0.281    3.226    85  40.0
 76.1 -120.00  30.00   143.185   39.192   19.7    5.867    0.513    5.889    85  40.0
 70.3 -105.00  30.00   143.121   39.067   19.7    8.523    0.746    8.555    85  20.0
 63.2 -90.00  30.00   143.056   38.942   19.7   11.381    0.996   11.424    85  20.0
 53.9 -75.00  30.00   142.992   38.816   19.7   13.744    1.202   13.796    85  36.0
 44.7 -60.00  30.00   142.928   38.691   19.7   15.983    1.398   16.044    85  40.0
 36.1 -45.00  30.00   142.864   38.566   19.7   19.306    1.689   19.379    85  40.0
 28.3 -30.00  30.00   142.801   38.440   19.7   22.381    1.958   22.467    85  36.0
 22.4 -15.00  30.00   142.738   38.315   19.7   25.153    2.201   25.249    85  24.0
 20.0   0.00  30.00   142.675   38.189   19.7   27.777    2.430   27.883    85  20.0
 22.4  15.00  30.00   142.612   38.064   19.7   29.528    2.583   29.641    85  20.0
 28.3  30.00  30.00   142.549   37.938   19.7   30.397    2.659   30.513    85  24.0
 36.1  45.00  30.00   142.487   37.813   19.7   31.788    2.781   31.910    85  28.0
 44.7  60.00  30.00   142.424   37.687   19.7   31.095    2.720   31.213    85  32.0
 53.9  75.00  30.00   142.363   37.561   19.7   30.417    2.661   30.534    85  32.0
 63.2  90.00  30.00   142.301   37.436   19.7   29.634    2.593   29.747    85  20.0
 70.3 105.00  30.00   142.239   37.310   19.7   26.490    2.318   26.592    85  20.0
 76.1 120.00  30.00   142.178   37.184   19.7   24.079    2.107   24.171    85  40.0
 82.0 135.00  30.00   142.117   37.058   19.7   21.426    1.875   21.508    85  40.0
 87.9 150.00  30.00   142.056   36.933   19.7   18.265    1.598   18.335    85  40.0
 93.7 165.00  30.00   141.995   36.807   19.7   15.160    1.326   15.218    85  40.0
 99.7 180.00  30.00   141.934   36.681   19.7   11.332    0.991   11.376    85  40.0
105.6 195.00  30.00   141.874   36.555   19.7    9.130    0.799    9.165    85  40.0
111.5 210.00  30.00   141.814   36.429   19.7    6.710    0.587    6.735    85  40.0
117.5 225.00  30.00   141.754   36.303   19.7    4.794    0.419    4.812    85  24.0
123.4 240.00  30.00   141.694   36.177   19.7    2.836    0.248    2.847    85  24.0
129.4 255.00  30.00   141.635   36.051   19.7    1.877    0.164    1.884    85  28.0
135.3 270.00  30.00   141.575   35.925   19.7    1.160    0.101    1.164    85  20.0
141.3 285.00  30.00   141.516   35.799   19.7    0.000    0.000    0.000     0  32.0
147.3 300.00  30.00   141.457   35.673   19.7    0.000    0.000    0.000     0  40.0
153.2 315.00  30.00   141.398   35.547   19.7    0.000    0.000    0.000     0  40.0
159.2 330.00  30.00   141.339   35.421   19.7    0.000    0.000    0.000     0  40.0
165.2 345.00  30.00   141.281   35.294   19.7    0.010    0.001    0.010    85  40.0
171.2 360.00  30.00   141.223   35.168   19.7    0.034    0.003    0.035    85  40.0
177.1 375.00  30.00   141.165   35.042   19.7    0.344    0.030    0.345    85  40.0
183.1 390.00  30.00   141.107   34.916   19.7    0.777    0.068    0.780    85  40.0
189.1 405.00  30.00   141.049   34.789   19.7    1.046    0.092    1.050    85  40.0
 98.9 -180.00  15.00   143.286   39.741   22.8    0.022    0.002    0.022    85  40.0
 92.9 -165.00  15.00   143.221   39.616   22.8    0.021    0.002    0.021    85  40.0
 87.0 -150.00  15.00   143.155   39.490   22.8    0.146    0.013    0.147    85  40.0
 81.0 -135.00  15.00   143.090   39.365   22.8    1.519    0.133    1.525    85  40.0
 75.0 -120.00  15.00   143.025   39.240   22.8    5.055    0.442    5.075    85  40.0
 69.1 -105.00  15.00   142.961   39.115   22.8    7.118    0.623    7.145    85  20.0
 60.8 -90.00  15.00   142.896   38.990   22.8    9.332    0.816    9.367    85  32.0
 51.0 -75.00  15.00   142.832   38.864   22.8   10.813    0.946   10.854    85  36.0
 41.2 -60.00  15.00   142.768   38.739   22.8   12.599    1.102   12.648    85  40.0
 31.6 -45.00  15.00   142.704   38.614   22.8   15.001    1.312   15.058    85  40.0
 22.4 -30.00  15.00   142.641   38.488   22.8   17.986    1.574   18.055    85  20.0
 14.1 -15.00  15.00   142.577   38.363   22.8   21.240    1.858   21.321    85  20.0
 10.0   0.00  15.00   142.514   38.237   22.8   23.130    2.024   23.219    85  20.0
 14.1  15.00  15.00   142.451   38.112   22.8   25.831    2.260   25.930    85  20.0
 22.4  30.00  15.00   142.389   37.986   22.8   27.659    2.420   27.765    85  20.0
 31.6  45.00  15.00   142.326   37.861   22.8   28.471    2.491   28.580    85  20.0
 41.2  60.00  15.00   142.264   37.735   22.8   29.202    2.555   29.314    85  24.0
 51.0  75.00  15.00   142.202   37.609   22.8   29.433    2.575   29.546    85  40.0
 60.8  90.00  15.00   142.140   37.484   22.8   27.709    2.424   27.815    85  28.0
 69.1 105.00  15.00   142.079   37.358   22.8   25.410    2.223   25.507    85  24.0
 75.0 120.00  15.00   142.017   37.232   22.8   22.194    1.942   22.279    85  40.0
 81.0 135.00  15.00   141.956   37.106   22.8   18.370    1.607   18.440    85  40.0
 87.0 150.00  15.00   141.895   36.981   22.8   15.897    1.391   15.958    85  40.0
 92.9 165.00  15.00   141.834   36.855   22.8   12.076    1.057   12.122    85  40.0
 98.9 180.00  15.00   141.774   36.729   22.8    8.968    0.785    9.002    85  40.0
104.9 195.00  15.00   141.713   36.603   22.8    7.337    0.642    7.365    85  40.0
110.9 210.00  15.00   141.653   36.477   22.8    5.148    0.450    5.168    85  32.0
116.9 225.00  15.00   141.593   36.351   22.8    3.647    0.319    3.661    85  28.0
122.9 240.00  15.00   141.533   36.225   22.8    2.136    0.187    2.144    85  24.0
128.8 255.00  15.00   141.474   36.099   22.8    1.025    0.090    1.029    85  20.0
134.8 270.00  15.00   141.414   35.973   22.8    0.000    0.000    0.000     0  28.0
140.8 285.00  15.00   141.355   35.847   22.8    0.000    0.000    0.000     0  40.0
146.8 300.00  15.00   141.296   35.721   22.8    0.000    0.000    0.000     0  40.0
152.8 315.00  15.00   141.237   35.595   22.8    0.000    0.000    0.000     0  40.0
158.8 330.00  15.00   141.178   35.469   22.8    0.011    0.001    0.011    85  40.0
164.8 345.00  15.00   141.120   35.342   22.8    0.084    0.007    0.084    85  40.0
170.8 360.00  15.00   141.062   35.216   22.8    0.626    0.055    0.628    85  40.0
176.8 375.00  15.00   141.003   35.090   22.8    1.333    0.117    1.338    85  40.0
182.8 390.00  15.00   140.946   34.964   22.8    1.612    0.141    1.618    85  40.0
188.8 405.00  15.00   140.888   34.837   22.8    2.315    0.203    2.324    85  40.0
 98.7 -180.00   0.00   143.126   39.789   25.9    0.029    0.003    0.029    85  40.0
 92.7 -165.00   0.00   143.061   39.663   25.9    0.068    0.006    0.068    85  40.0
 86.7 -150.00   0.00   142.995   39.538   25.9    0.199    0.017    0.200    85  40.0
 80.7 -135.00   0.00   142.930   39.413   25.9    0.530    0.046    0.532    85  40.0
 74.7 -120.00   0.00   142.865   39.288   25.9    3.555    0.311    3.569    85  40.0
 68.7 -105.00   0.00   142.800   39.163   25.9    5.911    0.517    5.933    85  32.0
 60.0 -90.00   0.00   142.736   39.037   25.9    7.169    0.627    7.196    85  40.0
 50.0 -75.00   0.00   142.672   38.912   25.9    7.717    0.675    7.746    85  40.0
 40.0 -60.00   0.00   142.608   38.787   25.9    8.543    0.747    8.576    85  40.0
 30.0 -45.00   0.00   142.544   38.661   25.9   10.816    0.946   10.857    85  40.0
 20.0 -30.00   0.00   142.480   38.536   25.9   13.057    1.142   13.107    85  20.0
 10.0 -15.00   0.00   142.417   38.410   25.9   16.373    1.432   16.436    85  20.0
  0.0   0.00   0.00   142.354   38.285   25.9   18.969    1.660   19.041    85  20.0
 10.0  15.00   0.00   142.291   38.160   25.9   21.294    1.863   21.375    85  20.0
 20.0  30.00   0.00   142.228   38.034   25.9   22.721    1.988   22.808    85  20.0
 30.0  45.00   0.00   142.166   37.908   25.9   23.855    2.087   23.946    85  20.0
 40.0  60.00   0.00   142.103   37.783   25.9   23.874    2.089   23.965    85  40.0
 50.0  75.00   0.00   142.041   37.657   25.9   23.735    2.077   23.825    85  40.0
 60.0  90.00   0.00   141.979   37.531   25.9   22.719    1.988   22.806    85  40.0
 68.7 105.00   0.00   141.918   37.406   25.9   19.883    1.740   19.959    85  40.0
 74.7 120.00   0.00   141.856   37.280   25.9   17.186    1.504   17.251    85  40.0
 80.7 135.00   0.00   141.795   37.154   25.9   14.336    1.254   14.391    85  40.0
 86.7 150.00   0.00   141.734   37.028   25.9   11.556    1.011   11.600    85  40.0
 92.7 165.00   0.00   141.673   36.903   25.9    8.211    0.718    8.242    85  40.0
 98.7 180.00   0.00   141.613   36.777   25.9    5.722    0.501    5.744    85  40.0
104.7 195.00   0.00   141.552   36.651   25.9    4.154    0.363    4.170    85  40.0
110.7 210.00   0.00   141.492   36.525   25.9    2.806    0.245    2.817    85  36.0
116.7 225.00   0.00   141.432   36.399   25.9    1.705    0.149    1.712    85  20.0
122.7 240.00   0.00   141.372   36.273   25.9    0.679    0.059    0.682    85  20.0
128.7 255.00   0.00   141.313   36.147   25.9    0.577    0.050    0.579    85  20.0
134.7 270.00   0.00   141.253   36.021   25.9    0.011    0.001    0.011    85  36.0
140.7 285.00   0.00   141.194   35.895   25.9    0.000    0.000    0.000     0  40.0
146.7 300.00   0.00   141.135   35.769   25.9    0.000    0.000    0.000     0  40.0
152.7 315.00   0.00   141.076   35.642   25.9    0.000    0.000    0.000     0  40.0
158.7 330.00   0.00   141.017   35.516   25.9    0.000    0.000    0.000    85  40.0
164.7 345.00   0.00   140.959   35.390   25.9    0.308    0.027    0.309    85  40.0
170.7 360.00   0.00   140.900   35.264   25.9    0.838    0.073    0.841    85  40.0
176.7 375.00   0.00   140.842   35.138   25.9    1.761    0.154    1.767    85  40.0
182.7 390.00   0.00   140.784   35.011   25.9    2.182    0.191    2.190    85  40.0
188.7 405.00   0.00   140.726   34.885   25.9    2.685    0.235    2.695    85  40.0
 98.9 -180.00 -15.00   142.966   39.836   29.1    0.053    0.005    0.053    85  40.0
 92.9 -165.00 -15.00   142.900   39.711   29.1    0.056    0.005    0.056    85  40.0
 87.0 -150.00 -15.00   142.835   39.586   29.1    0.183    0.016    0.184    85  40.0
 81.0 -135.00 -15.00   142.770   39.461   29.1    0.445    0.039    0.447    85  40.0
 75.0 -120.00 -15.00   142.705   39.335   29.1    2.736    0.239    2.747    85  40.0
 69.1 -105.00 -15.00   142.640   39.210   29.1    4.271    0.374    4.287    85  40.0
 60.8 -90.00 -15.00   142.575   39.085   29.1    5.304    0.464    5.325    85  40.0
 51.0 -75.00 -15.00   142.511   38.960   29.1    5.349    0.468    5.370    85  40.0
 41.2 -60.00 -15.00   142.447   38.834   29.1    5.415    0.474    5.435    85  40.0
 31.6 -45.00 -15.00   142.383   38.709   29.1    7.196    0.630    7.224    85  40.0
 22.4 -30.00 -15.00   142.320   38.584   29.1    9.934    0.869    9.972    85  24.0
 14.1 -15.00 -15.00   142.256   38.458   29.1   11.845    1.036   11.890    85  20.0
 10.0   0.00 -15.00   142.193   38.333   29.1   14.773    1.292   14.829    85  20.0
 14.1  15.00 -15.00   142.130   38.207   29.1   16.412    1.436   16.475    85  20.0
 22.4  30.00 -15.00   142.067   38.082   29.1   16.988    1.486   17.052    85  20.0
 31.6  45.00 -15.00   142.005   37.956   29.1   17.580    1.538   17.647    85  40.0
 41.2  60.00 -15.00   141.943   37.830   29.1   17.742    1.552   17.810    85  40.0
 51.0  75.00 -15.00   141.880   37.705   29.1   16.769    1.467   16.833    85  40.0
 60.8  90.00 -15.00   141.819   37.579   29.1   16.091    1.408   16.153    85  40.0
 69.1 105.00 -15.00   141.757   37.453   29.1   13.752    1.203   13.804    85  40.0
 75.0 120.00 -15.00   141.695   37.328   29.1   11.094    0.971   11.137    85  40.0
 81.0 135.00 -15.00   141.634   37.202   29.1    8.379    0.733    8.411    85  40.0
 87.0 150.00 -15.00   141.573   37.076   29.1    5.855    0.512    5.877    85  40.0
 92.9 165.00 -15.00   141.512   36.950   29.1    3.829    0.335    3.843    85  40.0
 98.9 180.00 -15.00   141.452   36.824   29.1    1.466    0.128    1.471    85  40.0
104.9 195.00 -15.00   141.391   36.698   29.1    1.681    0.147    1.688    85  36.0
110.9 210.00 -15.00   141.331   36.572   29.1    1.372    0.120    1.377    85  32.0
116.9 225.00 -15.00   141.271   36.446   29.1    1.038    0.091    1.042    85  20.0
122.9 240.00 -15.00   141.211   36.320   29.1    0.736    0.064    0.738    85  20.0
128.8 255.00 -15.00   141.151   36.194   29.1    0.727    0.064    0.730    85  20.0
134.8 270.00 -15.00   141.092   36.068   29.1    0.328    0.029    0.330    85  36.0
140.8 285.00 -15.00   141.032   35.942   29.1    0.000    0.000    0.000     0  40.0
146.8 300.00 -15.00   140.973   35.816   29.1    0.000    0.000    0.000     0  40.0
152.8 315.00 -15.00   140.914   35.690   29.1    0.000    0.000    0.000     0  40.0
158.8 330.00 -15.00   140.856   35.564   29.1    0.000    0.000    0.000     0  40.0
164.8 345.00 -15.00   140.797   35.438   29.1    0.322    0.028    0.323    85  40.0
170.8 360.00 -15.00   140.739   35.311   29.1    0.762    0.067    0.765    85  40.0
176.8 375.00 -15.00   140.681   35.185   29.1    1.379    0.121    1.384    85  40.0
182.8 390.00 -15.00   140.623   35.059   29.1    1.864    0.163    1.871    85  40.0
188.8 405.00 -15.00   140.565   34.933   29.1    2.245    0.196    2.254    85  40.0
 99.7 -180.00 -30.00   142.806   39.883   32.2    0.042    0.004    0.042    85  40.0
 93.7 -165.00 -30.00   142.740   39.758   32.2    0.072    0.006    0.072    85  40.0
 87.9 -150.00 -30.00   142.674   39.633   32.2    0.155    0.014    0.155    85  40.0
 82.0 -135.00 -30.00   142.609   39.508   32.2    0.655    0.057    0.657    85  40.0
 76.1 -120.00 -30.00   142.544   39.383   32.2    1.855    0.162    1.862    85  40.0
 70.3 -105.00 -30.00   142.479   39.258   32.2    3.486    0.305    3.500    85  40.0
 63.2 -90.00 -30.00   142.415   39.132   32.2    4.724    0.413    4.742    85  40.0
 53.9 -75.00 -30.00   142.350   39.007   32.2    4.498    0.394    4.515    85  40.0
 44.7 -60.00 -30.00   142.286   38.882   32.2    4.387    0.384    4.404    85  40.0
 36.1 -45.00 -30.00   142.222   38.756   32.2    5.116    0.448    5.135    85  40.0
 28.3 -30.00 -30.00   142.159   38.631   32.2    7.129    0.624    7.156    85  40.0
 22.4 -15.00 -30.00   142.095   38.505   32.2    8.859    0.775    8.892    85  20.0
 20.0   0.00 -30.00   142.032   38.380   32.2   10.375    0.908   10.415    85  20.0
 22.4  15.00 -30.00   141.969   38.254   32.2   11.247    0.984   11.290    85  20.0
 28.3  30.00 -30.00   141.906   38.129   32.2   12.281    1.074   12.328    85  40.0
 36.1  45.00 -30.00   141.844   38.003   32.2   11.194    0.979   11.237    85  40.0
 44.7  60.00 -30.00   141.781   37.878   32.2   10.566    0.924   10.606    85  40.0
 53.9  75.00 -30.00   141.719   37.752   32.2    9.113    0.797    9.148    85  40.0
 63.2  90.00 -30.00   141.657   37.626   32.2    7.137    0.624    7.164    85  40.0
 70.3 105.00 -30.00   141.596   37.501   32.2    5.884    0.515    5.906    85  40.0
 76.1 120.00 -30.00   141.534   37.375   32.2    3.397    0.297    3.410    85  40.0
 82.0 135.00 -30.00   141.473   37.249   32.2    2.068    0.181    2.075    85  40.0
 87.9 150.00 -30.00   141.412   37.123   32.2    0.715    0.063    0.718    85  40.0
 93.7 165.00 -30.00   141.351   36.997   32.2    0.014    0.001    0.014    85  40.0
 99.7 180.00 -30.00   141.290   36.872   32.2    0.013    0.001    0.013    85  36.0
105.6 195.00 -30.00   141.230   36.746   32.2    0.039    0.003    0.039    85  32.0
111.5 210.00 -30.00   141.169   36.620   32.2    0.110    0.010    0.110    85  20.0
117.5 225.00 -30.00   141.109   36.494   32.2    0.462    0.040    0.464    85  20.0
123.4 240.00 -30.00   141.049   36.368   32.2    0.963    0.084    0.967    85  20.0
129.4 255.00 -30.00   140.990   36.242   32.2    0.685    0.060    0.688    85  20.0
135.3 270.00 -30.00   140.930   36.116   32.2    0.199    0.017    0.199    85  36.0
141.3 285.00 -30.00   140.871   35.990   32.2    0.006    0.001    0.006    85  36.0
147.3 300.00 -30.00   140.812   35.864   32.2    0.000    0.000    0.000     0  40.0
153.2 315.00 -30.00   140.753   35.737   32.2    0.000    0.000    0.000     0  40.0
159.2 330.00 -30.00   140.694   35.611   32.2    0.000    0.000    0.000     0  40.0
165.2 345.00 -30.00   140.635   35.485   32.2    0.052    0.005    0.052    85  40.0
171.2 360.00 -30.00   140.577   35.359   32.2    0.368    0.032    0.369    85  40.0
177.1 375.00 -30.00   140.519   35.233   32.2    0.820    0.072    0.823    85  40.0
183.1 390.00 -30.00   140.461   35.106   32.2    0.982    0.086    0.986    85  40.0
189.1 405.00 -30.00   140.403   34.980   32.2    1.091    0.095    1.095    85  40.0
100.9 -180.00 -45.00   142.645   39.931   35.3    0.077    0.007    0.078    85  40.0
 95.1 -165.00 -45.00   142.579   39.806   35.3    0.080    0.007    0.081    85  40.0
 89.3 -150.00 -45.00   142.514   39.680   35.3    0.219    0.019    0.220    85  40.0
 83.6 -135.00 -45.00   142.448   39.555   35.3    0.818    0.072    0.821    85  40.0
 77.9 -120.00 -45.00   142.383   39.430   35.3    1.319    0.115    1.324    85  40.0
 72.4 -105.00 -45.00   142.318   39.305   35.3    3.110    0.272    3.122    85  40.0
 66.9 -90.00 -45.00   142.254   39.179   35.3    4.007    0.351    4.023    85  40.0
 58.3 -75.00 -45.00   142.189   39.054   35.3    4.572    0.400    4.589    85  40.0
 50.0 -60.00 -45.00   142.125   38.929   35.3    4.455    0.390    4.472    85  40.0
 42.4 -45.00 -45.00   142.061   38.803   35.3    5.308    0.464    5.328    85  40.0
 36.1 -30.00 -45.00   141.998   38.678   35.3    6.287    0.550    6.311    85  40.0
 31.6 -15.00 -45.00   141.934   38.553   35.3    7.322    0.641    7.350    85  40.0
 30.0   0.00 -45.00   141.871   38.427   35.3    7.849    0.687    7.879    85  20.0
 31.6  15.00 -45.00   141.808   38.302   35.3    8.001    0.700    8.031    85  40.0
 36.1  30.00 -45.00   141.745   38.176   35.3    7.079    0.619    7.106    85  40.0
 42.4  45.00 -45.00   141.682   38.050   35.3    6.503    0.569    6.527    85  40.0
 50.0  60.00 -45.00   141.620   37.925   35.3    5.222    0.457    5.242    85  40.0
 58.3  75.00 -45.00   141.558   37.799   35.3    3.496    0.306    3.510    85  40.0
 66.9  90.00 -45.00   141.496   37.673   35.3    2.007    0.176    2.015    85  40.0
 72.4 105.00 -45.00   141.434   37.548   35.3    0.335    0.029    0.336    85  40.0
 77.9 120.00 -45.00   141.373   37.422   35.3    0.036    0.003    0.037    85  40.0
 83.6 135.00 -45.00   141.311   37.296   35.3    0.019    0.002    0.019    85  40.0
 89.3 150.00 -45.00   141.250   37.170   35.3    0.018    0.002    0.018    85  40.0
 95.1 165.00 -45.00   141.189   37.045   35.3    0.046    0.004    0.046    85  40.0
100.9 180.00 -45.00   141.129   36.919   35.3    0.042    0.004    0.043    85  36.0
106.7 195.00 -45.00   141.068   36.793   35.3    0.039    0.003    0.039    85  36.0
112.6 210.00 -45.00   141.008   36.667   35.3    0.030    0.003    0.030    85  24.0
118.4 225.00 -45.00   140.948   36.541   35.3    0.294    0.026    0.295    85  20.0
124.3 240.00 -45.00   140.888   36.415   35.3    0.569    0.050    0.572    85  20.0
130.2 255.00 -45.00   140.828   36.289   35.3    0.518    0.045    0.520    85  20.0
136.2 270.00 -45.00   140.768   36.163   35.3    0.165    0.014    0.165    85  32.0
142.1 285.00 -45.00   140.709   36.037   35.3    0.000    0.000    0.000    85  36.0
148.0 300.00 -45.00   140.650   35.911   35.3    0.000    0.000    0.000     0  40.0
153.9 315.00 -45.00   140.591   35.784   35.3    0.000    0.000    0.000     0  40.0
159.9 330.00 -45.00   140.532   35.658   35.3    0.000    0.000    0.000     0  40.0
165.8 345.00 -45.00   140.473   35.532   35.3    0.000    0.000    0.000     0  40.0
171.8 360.00 -45.00   140.415   35.406   35.3    0.098    0.009    0.099    85  40.0
177.7 375.00 -45.00   140.357   35.280   35.3    0.135    0.012    0.136    85  40.0
183.7 390.00 -45.00   140.299   35.153   35.3    0.331    0.029    0.333    85  40.0
189.7 405.00 -45.00   140.241   35.027   35.3    0.283    0.025    0.284    85  40.0
102.6 -180.00 -60.00   142.484   39.978   38.4    0.077    0.007    0.077    85  40.0
 96.9 -165.00 -60.00   142.418   39.852   38.4    0.099    0.009    0.099    85  40.0
 91.3 -150.00 -60.00   142.353   39.727   38.4    0.227    0.020    0.228    85  40.0
 85.8 -135.00 -60.00   142.287   39.602   38.4    0.691    0.060    0.693    85  40.0
 80.3 -120.00 -60.00   142.222   39.477   38.4    1.192    0.104    1.197    85  40.0
 75.0 -105.00 -60.00   142.157   39.352   38.4    2.861    0.250    2.872    85  40.0
 69.9 -90.00 -60.00   142.093   39.226   38.4    3.747    0.328    3.761    85  40.0
 64.0 -75.00 -60.00   142.028   39.101   38.4    5.213    0.456    5.233    85  40.0
 56.6 -60.00 -60.00   141.964   38.976   38.4    5.543    0.485    5.564    85  40.0
 50.0 -45.00 -60.00   141.900   38.850   38.4    6.059    0.530    6.083    85  40.0
 44.7 -30.00 -60.00   141.836   38.725   38.4    6.752    0.591    6.778    85  40.0
 41.2 -15.00 -60.00   141.773   38.599   38.4    7.120    0.623    7.148    85  40.0
 40.0   0.00 -60.00   141.710   38.474   38.4    6.762    0.592    6.788    85  40.0
 41.2  15.00 -60.00   141.646   38.348   38.4    6.186    0.541    6.209    85  40.0
 44.7  30.00 -60.00   141.584   38.223   38.4    5.486    0.480    5.507    85  40.0
 50.0  45.00 -60.00   141.521   38.097   38.4    3.595    0.315    3.609    85  40.0
 56.6  60.00 -60.00   141.459   37.972   38.4    1.765    0.154    1.772    85  40.0
 64.0  75.00 -60.00   141.396   37.846   38.4    0.109    0.010    0.109    85  40.0
 69.9  90.00 -60.00   141.334   37.720   38.4    0.093    0.008    0.093    85  40.0
 75.0 105.00 -60.00   141.273   37.595   38.4    0.093    0.008    0.094    85  40.0
 80.3 120.00 -60.00   141.211   37.469   38.4    0.071    0.006    0.072    85  40.0
 85.8 135.00 -60.00   141.150   37.343   38.4    0.050    0.004    0.050    85  40.0
 91.3 150.00 -60.00   141.088   37.217   38.4    0.047    0.004    0.048    85  40.0
 96.9 165.00 -60.00   141.028   37.091   38.4    0.045    0.004    0.045    85  40.0
102.6 180.00 -60.00   140.967   36.966   38.4    0.036    0.003    0.036    85  36.0
108.3 195.00 -60.00   140.906   36.840   38.4    0.033    0.003    0.033    85  32.0
114.0 210.00 -60.00   140.846   36.714   38.4    0.030    0.003    0.030    85  24.0
119.8 225.00 -60.00   140.786   36.588   38.4    0.026    0.002    0.026    85  20.0
125.6 240.00 -60.00   140.726   36.462   38.4    0.284    0.025    0.286    85  20.0
131.5 255.00 -60.00   140.666   36.336   38.4    0.192    0.017    0.193    85  20.0
137.3 270.00 -60.00   140.606   36.210   38.4    0.290    0.025    0.291    85  32.0
143.2 285.00 -60.00   140.547   36.084   38.4    0.000    0.000    0.000     0  32.0
149.0 300.00 -60.00   140.488   35.957   38.4    0.000    0.000    0.000     0  36.0
154.9 315.00 -60.00   140.429   35.831   38.4    0.000    0.000    0.000     0  40.0
160.8 330.00 -60.00   140.370   35.705   38.4    0.000    0.000    0.000     0  40.0
166.7 345.00 -60.00   140.311   35.579   38.4    0.000    0.000    0.000     0  40.0
172.7 360.00 -60.00   140.253   35.453   38.4    0.034    0.003    0.034    85  40.0
178.6 375.00 -60.00   140.195   35.326   38.4    0.072    0.006    0.073    85  40.0
184.5 390.00 -60.00   140.137   35.200   38.4    0.124    0.011    0.125    85  40.0
190.4 405.00 -60.00   140.079   35.074   38.4    0.101    0.009    0.101    85  40.0
104.7 -180.00 -75.00   142.323   40.024   41.5    0.088    0.008    0.089    85  40.0
 99.2 -165.00 -75.00   142.257   39.899   41.5    0.099    0.009    0.099    85  40.0
 93.7 -150.00 -75.00   142.191   39.774   41.5    0.278    0.024    0.279    85  40.0
 88.4 -135.00 -75.00   142.126   39.649   41.5    0.713    0.062    0.716    85  40.0
 83.3 -120.00 -75.00   142.061   39.524   41.5    1.839    0.161    1.846    85  40.0
 78.3 -105.00 -75.00   141.996   39.398   41.5    3.016    0.264    3.027    85  40.0
 73.5 -90.00 -75.00   141.931   39.273   41.5    4.239    0.371    4.256    85  40.0
 69.1 -75.00 -75.00   141.867   39.148   41.5    5.229    0.457    5.249    85  40.0
 64.0 -60.00 -75.00   141.803   39.022   41.5    6.428    0.562    6.453    85  40.0
 58.3 -45.00 -75.00   141.739   38.897   41.5    6.535    0.572    6.560    85  40.0
 53.9 -30.00 -75.00   141.675   38.772   41.5    7.078    0.619    7.105    85  40.0
 51.0 -15.00 -75.00   141.611   38.646   41.5    7.304    0.639    7.332    85  40.0
 50.0   0.00 -75.00   141.548   38.521   41.5    6.945    0.608    6.971    85  40.0
 51.0  15.00 -75.00   141.485   38.395   41.5    5.643    0.494    5.665    85  40.0
 53.9  30.00 -75.00   141.422   38.270   41.5    4.329    0.379    4.346    85  40.0
 58.3  45.00 -75.00   141.359   38.144   41.5    1.817    0.159    1.824    85  40.0
 64.0  60.00 -75.00   141.297   38.018   41.5    0.352    0.031    0.353    85  40.0
 69.1  75.00 -75.00   141.235   37.893   41.5    0.086    0.008    0.086    85  40.0
 73.5  90.00 -75.00   141.173   37.767   41.5    0.085    0.007    0.086    85  40.0
 78.3 105.00 -75.00   141.111   37.641   41.5    0.083    0.007    0.083    85  40.0
 83.3 120.00 -75.00   141.049   37.516   41.5    0.078    0.007    0.078    85  40.0
 88.4 135.00 -75.00   140.988   37.390   41.5    0.054    0.005    0.054    85  40.0
 93.7 150.00 -75.00   140.926   37.264   41.5    0.041    0.004    0.041    85  40.0
 99.2 165.00 -75.00   140.865   37.138   41.5    0.038    0.003    0.038    85  40.0
104.7 180.00 -75.00   140.805   37.012   41.5    0.035    0.003    0.035    85  40.0
110.2 195.00 -75.00   140.744   36.886   41.5    0.032    0.003    0.032    85  32.0
115.9 210.00 -75.00   140.684   36.760   41.5    0.029    0.003    0.029    85  24.0
121.5 225.00 -75.00   140.624   36.634   41.5    0.026    0.002    0.026    85  20.0
127.2 240.00 -75.00   140.564   36.508   41.5    0.023    0.002    0.023    85  20.0
133.0 255.00 -75.00   140.504   36.382   41.5    0.021    0.002    0.021    85  20.0
138.8 270.00 -75.00   140.444   36.256   41.5    0.000    0.000    0.000     0  32.0
144.5 285.00 -75.00   140.385   36.130   41.5    0.000    0.000    0.000     0  32.0
150.4 300.00 -75.00   140.325   36.004   41.5    0.000    0.000    0.000     0  40.0
156.2 315.00 -75.00   140.266   35.878   41.5    0.000    0.000    0.000     0  40.0
162.0 330.00 -75.00   140.208   35.752   41.5    0.000    0.000    0.000     0  40.0
167.9 345.00 -75.00   140.149   35.626   41.5    0.000    0.000    0.000     0  40.0
173.8 360.00 -75.00   140.090   35.499   41.5    0.000    0.000    0.000     0  40.0
179.6 375.00 -75.00   140.032   35.373   41.5    0.034    0.003    0.034    85  40.0
185.5 390.00 -75.00   139.974   35.247   41.5    0.041    0.004    0.041    85  40.0
191.4 405.00 -75.00   139.916   35.121   41.5    0.070    0.006    0.071    85  40.0
