#Total number of fault_segments=     1
#Fault_segment =   1 nx(Along-strike)=  25 Dx= 25.00km ny(downdip)=  13 Dy= 20.00km
#Boundary of Fault_segment     1. EQ in cell 12,7. Lon: 142.369   Lat: 38.322
#Lon.  Lat.  Depth
      144.56850       40.52630        7.54750
      142.79630       35.12280        7.54750
      140.02660       35.68190       52.45250
      141.79880       41.08540       52.45250
      144.56850       40.52630        7.54750
#Lat. Lon. depth slip rake strike dip t_rup t_rise mo
      40.482700     144.554200       7.547500     165.368800     114.652300     194.429990      10.210000     210.400000      14.800000   2.580746e+26
      40.264900     144.482800       7.547500       0.050210     113.031400     194.429990      10.210000     201.600000      23.600000   7.836300e+22
      40.047000     144.411300       7.547500      27.667700     105.394500     194.429990      10.210000     180.800000      20.800000   4.317823e+25
      39.829100     144.339800       7.547500      83.561050      83.407690     194.429990      10.210000     151.600000      11.600000   1.304054e+26
      39.611200     144.268400       7.547500      94.458300      72.511250     194.429990      10.210000     132.400000      17.600000   1.474117e+26
      39.393300     144.196900       7.547500     265.252200      54.131260     194.429990      10.210000     120.800000      11.200000   4.139527e+26
      39.175400     144.125500       7.547500     115.652100     117.837800     194.429990      10.210000     102.400000      11.200000   1.804867e+26
      38.957600     144.054000       7.547500     507.710510     116.292500     194.429990      10.210000      94.800000      26.400000   7.923331e+26
      38.739700     143.982500       7.547500    1162.313960     119.763400     194.429990      10.210000      85.600000      20.800000   1.813908e+27
      38.521800     143.911100       7.547500    1585.047000     109.549000     194.429990      10.210000      63.200000      10.800000   2.473624e+27
      38.303900     143.839600       7.547500    1512.305050      94.301860     194.429990      10.210000      48.000000      14.800000   2.360104e+27
      38.086000     143.768100       7.547500    1143.000980      78.623550     194.429990      10.210000      44.800000       7.600000   1.783768e+27
      37.868100     143.696700       7.547500    1778.060060      78.567710     194.429990      10.210000      48.800000      12.800000   2.774842e+27
      37.650200     143.625200       7.547500    1633.810060      90.938300     194.429990      10.210000      76.800000      20.000000   2.549724e+27
      37.432400     143.553800       7.547500    1269.042970      87.151870     194.429990      10.210000      82.400000      18.800000   1.980469e+27
      37.214500     143.482300       7.547500     669.569520      91.468930     194.429990      10.210000      74.800000      22.800000   1.044930e+27
      36.996600     143.410800       7.547500     568.557310     114.456700     194.429990      10.210000      68.400000      16.000000   8.872908e+26
      36.778700     143.339400       7.547500     815.109500     127.396600     194.429990      10.210000      75.600000       9.600000   1.272060e+27
      36.560800     143.267900       7.547500     621.908200     129.917100     194.429990      10.210000      91.600000       9.600000   9.705500e+26
      36.342900     143.196400       7.547500     271.620390     125.203700     194.429990      10.210000     114.800000      19.200000   4.238909e+26
      36.125100     143.125000       7.547500     549.432620     114.229500     194.429990      10.210000     144.400000      10.000000   8.574447e+26
      35.907200     143.053500       7.547500     174.744510      85.599400     194.429990      10.210000     174.400000      14.800000   2.727063e+26
      35.689300     142.982100       7.547500      45.061670      65.787410     194.429990      10.210000     194.000000      13.600000   7.032325e+25
      35.471400     142.910600       7.547500     109.547400     122.542400     194.429990      10.210000     210.400000      19.200000   1.709597e+26
      35.253500     142.839100       7.547500     216.564610     122.811700     194.429990      10.210000     226.800000      10.000000   3.379708e+26
      40.526900     144.335600      11.092600      96.669550      87.366640     194.429990      10.210000     209.600000      15.600000   1.918939e+26
      40.309000     144.264100      11.092600     205.941100      69.650460     194.429990      10.210000     194.400000      22.400000   4.088034e+26
      40.091100     144.192600      11.092600     103.370000      96.356950     194.429990      10.210000     172.400000      15.600000   2.051946e+26
      39.873200     144.121200      11.092600      79.263190      80.271930     194.429990      10.210000     146.800000      13.600000   1.573414e+26
      39.655300     144.049700      11.092600       4.240260      59.544980     194.429990      10.210000     122.400000      11.600000   8.417132e+24
      39.437500     143.978300      11.092600      25.991070      55.725690     194.429990      10.210000     102.000000       8.400001   5.159358e+25
      39.219600     143.906800      11.092600     409.901610     107.596900     194.429990      10.210000      82.400000      22.800000   8.136753e+26
      39.001700     143.835300      11.092600    1111.342040     118.892600     194.429990      10.210000      82.000000      17.600000   2.206070e+27
      38.783800     143.763900      11.092600    2183.074950     124.644600     194.429990      10.210000      72.000000      24.800000   4.333513e+27
      38.565900     143.692400      11.092600    2959.200930     106.923300     194.429990      10.210000      43.600000      21.600000   5.874163e+27
      38.348000     143.620900      11.092600    3218.416020      90.709550     194.429990      10.210000      43.200000      16.800000   6.388716e+27
      38.130200     143.549500      11.092600    3038.648930      86.755490     194.429990      10.210000      58.400000      10.800000   6.031870e+27
      37.912300     143.478000      11.092600    3202.272950      81.895370     194.429990      10.210000      46.800000      22.400000   6.356673e+27
      37.694400     143.406600      11.092600    2595.977050      79.649330     194.429990      10.210000      56.800000      14.400000   5.153145e+27
      37.476500     143.335100      11.092600    1531.083980      63.151340     194.429990      10.210000      62.400000      14.800000   3.039279e+27
      37.258600     143.263600      11.092600     638.249510      54.233570     194.429990      10.210000      60.000000      14.800000   1.266957e+27
      37.040700     143.192200      11.092600     613.137570      50.100630     194.429990      10.210000      61.600000       8.400001   1.217109e+27
      36.822800     143.120700      11.092600     602.951720     117.317000     194.429990      10.210000      72.000000       9.600000   1.196889e+27
      36.605000     143.049300      11.092600     243.139210     103.586000     194.429990      10.210000      88.800000      20.800000   4.826436e+26
      36.387100     142.977800      11.092600      90.970250      86.129300     194.429990      10.210000     111.600000      14.800000   1.805805e+26
      36.169200     142.906300      11.092600      44.126310      62.990930     194.429990      10.210000     137.200000       8.800000   8.759294e+25
      35.951300     142.834900      11.092600     288.428990     103.412800     194.429990      10.210000     167.200000      15.600000   5.725459e+26
      35.733400     142.763400      11.092600      16.671490      72.185000     194.429990      10.210000     190.000000      26.400000   3.309375e+25
      35.515500     142.691890      11.092600     136.963590      87.088710     194.429990      10.210000     207.200000      22.000000   2.718797e+26
      35.297700     142.620500      11.092600      75.580590      93.727950     194.429990      10.210000     220.800000      13.600000   1.500313e+26
      40.571000     144.116900      14.637800      73.434970     128.131700     194.429990      10.210000     201.200000      15.600000   1.457721e+26
      40.353100     144.045390      14.637800      58.076630     118.057300     194.429990      10.210000     182.400000      18.000000   1.152850e+26
      40.135300     143.974000      14.637800     401.477200      53.149600     194.429990      10.210000     167.200000       8.800000   7.969522e+26
      39.917400     143.902500      14.637800      84.773470      76.772220     194.429990      10.210000     138.800000      15.600000   1.682796e+26
      39.699500     143.831100      14.637800      12.386280      81.194620     194.429990      10.210000     115.600000      10.000000   2.458739e+25
      39.481600     143.759600      14.637800     180.667890     116.054500     194.429990      10.210000      85.200000      20.400000   3.586348e+26
      39.263700     143.688100      14.637800     816.012330     122.398700     194.429990      10.210000      58.800000      14.800000   1.619825e+27
      39.045800     143.616700      14.637800    1449.015010     126.333100     194.429990      10.210000      50.400000      15.200000   2.876367e+27
      38.827900     143.545200      14.637800    2078.500980     110.267400     194.429990      10.210000      41.600000      11.600000   4.125928e+27
      38.610100     143.473800      14.637800    2747.423100      91.606540     194.429990      10.210000      35.600000      10.800000   5.453774e+27
      38.392200     143.402300      14.637800    3193.679930      77.804950     194.429990      10.210000      35.200000      21.600000   6.339615e+27
      38.174300     143.330800      14.637800    3347.116940      74.007420     194.429990      10.210000      54.800000      20.400000   6.644196e+27
      37.956400     143.259400      14.637800    3050.158940      75.038150     194.429990      10.210000      51.600000      21.200000   6.054717e+27
      37.738500     143.187900      14.637800    2777.104000      73.072720     194.429990      10.210000      50.400000      15.200000   5.512691e+27
      37.520600     143.116390      14.637800    1694.099000      68.326040     194.429990      10.210000      44.400000      11.600000   3.362871e+27
      37.302800     143.045000      14.637800     916.574220      59.545570     194.429990      10.210000      46.800000      17.600000   1.819446e+27
      37.084900     142.973500      14.637800     869.162720      60.965940     194.429990      10.210000      55.600000       9.600000   1.725331e+27
      36.867000     142.902100      14.637800     620.610230     101.040300     194.429990      10.210000      69.600000      19.200000   1.231943e+27
      36.649100     142.830600      14.637800     297.028410     109.235800     194.429990      10.210000      83.600000      15.600000   5.896164e+26
      36.431200     142.759090      14.637800      58.548450      73.716230     194.429990      10.210000     108.800000      12.000000   1.162216e+26
      36.213300     142.687700      14.637800      47.723770     129.091200     194.429990      10.210000     138.400000      11.600000   9.473408e+25
      35.995400     142.616200      14.637800     149.853300      93.597500     194.429990      10.210000     160.400000      23.600000   2.974663e+26
      35.777600     142.544690      14.637800     115.770400     119.668300     194.429990      10.210000     182.400000      17.600000   2.298100e+26
      35.559700     142.473300      14.637800     120.030200      53.939630     194.429990      10.210000     201.600000       9.200000   2.382660e+26
      35.341800     142.401790      14.637800     324.358000      79.929440     194.429990      10.210000     217.200000      17.200000   6.438670e+26
      40.615200     143.898300      18.182900     241.527500      83.184460     194.429990      10.210000     196.000000      23.200000   5.893271e+26
      40.397300     143.826800      18.182900      40.690950      60.535510     194.429990      10.210000     181.200000      14.800000   9.928590e+25
      40.179400     143.755290      18.182900     371.414490      79.418050     194.429990      10.210000     157.600000      11.600000   9.062512e+26
      39.961500     143.683900      18.182900     215.881810     106.984100     194.429990      10.210000     132.800000      14.800000   5.267516e+26
      39.743600     143.612400      18.182900     177.580600     127.907000     194.429990      10.210000     102.800000      13.600000   4.332967e+26
      39.525700     143.540890      18.182900       9.947830     111.680800     194.429990      10.210000      73.600000      13.200000   2.427270e+25
      39.307900     143.469500      18.182900     734.008180     125.921600     194.429990      10.210000      52.000000       8.800000   1.790980e+27
      39.090000     143.397990      18.182900    1453.343020     128.601700     194.429990      10.210000      45.600000      22.000000   3.546156e+27
      38.872100     143.326600      18.182900    2058.992920     123.151700     194.429990      10.210000      44.000000      20.800000   5.023943e+27
      38.654200     143.255100      18.182900    2153.156980      97.658910     194.429990      10.210000      42.400000      11.200000   5.253703e+27
      38.436300     143.183590      18.182900    2127.809080      81.868090     194.429990      10.210000      44.000000      18.400000   5.191854e+27
      38.218400     143.112200      18.182900    2239.056880      69.308380     194.429990      10.210000      40.400000      16.800000   5.463298e+27
      38.000600     143.040700      18.182900    1995.053960      76.272790     194.429990      10.210000      35.600000      18.000000   4.867932e+27
      37.782700     142.969190      18.182900    1938.318970      61.446010     194.429990      10.210000      35.600000      15.200000   4.729497e+27
      37.564800     142.897800      18.182900    1610.578980      67.435840     194.429990      10.210000      45.200000      15.200000   3.929813e+27
      37.346900     142.826290      18.182900     917.438170      58.883280     194.429990      10.210000      60.400000      17.600000   2.238549e+27
      37.129000     142.754900      18.182900     791.395690      82.564000     194.429990      10.210000      73.200000      12.400000   1.931005e+27
      36.911100     142.683400      18.182900     593.535100      88.194530     194.429990      10.210000      75.200000      20.800000   1.448225e+27
      36.693200     142.611890      18.182900     143.792010      86.072140     194.429990      10.210000      87.200000       8.800000   3.508525e+26
      36.475400     142.540500      18.182900       1.210570      94.990880     194.429990      10.210000     115.200000      16.000000   2.953783e+24
      36.257500     142.468990      18.182900      33.606240     127.204300     194.429990      10.210000     135.200000      15.600000   8.199923e+25
      36.039600     142.397510      18.182900     335.284910      66.041900     194.429990      10.210000     156.800000       9.200000   8.180952e+26
      35.821700     142.326100      18.182900     298.011900     129.190900     194.429990      10.210000     173.200000       9.200000   7.271490e+26
      35.603800     142.254590      18.182900       4.382620     105.146300     194.429990      10.210000     196.000000      11.600000   1.069360e+25
      35.385900     142.183200      18.182900      10.632760     104.996900     194.429990      10.210000     209.600000      21.600000   2.594394e+25
      40.659300     143.679600      21.728000     293.161900     115.375200     194.429990      10.210000     190.000000       9.200000   7.153149e+26
      40.441400     143.608090      21.728000       4.505980     129.552200     194.429990      10.210000     173.600000      18.400000   1.099459e+25
      40.223500     143.536700      21.728000     298.561890      85.597510     194.429990      10.210000     159.200000      10.400000   7.284909e+26
      40.005700     143.465190      21.728000     109.858900      51.935010     194.429990      10.210000     136.000000      20.800000   2.680558e+26
      39.787800     143.393710      21.728000      51.880970      89.132470     194.429990      10.210000     107.600000      18.800000   1.265896e+26
      39.569900     143.322300      21.728000      64.031260     112.637300     194.429990      10.210000      81.200000      16.000000   1.562363e+26
      39.352000     143.250790      21.728000     185.721410     114.793800     194.429990      10.210000      60.000000      13.200000   4.531602e+26
      39.134100     143.179400      21.728000    1266.363040     111.396700     194.429990      10.210000      51.200000      22.400000   3.089926e+27
      38.916200     143.107890      21.728000    1530.275020     109.290100     194.429990      10.210000      40.400000      13.600000   3.733871e+27
      38.698300     143.036410      21.728000    1755.260010      91.366300     194.429990      10.210000      32.800000      13.200000   4.282835e+27
      38.480500     142.965000      21.728000    1416.078980      81.510440     194.429990      10.210000      25.600000      12.800000   3.455232e+27
      38.262600     142.893490      21.728000    1001.583010      67.265340     194.429990      10.210000      18.800000       8.800000   2.443862e+27
      38.044700     142.822010      21.728000    1167.557980      70.345100     194.429990      10.210000      23.600000      22.800000   2.848841e+27
      37.826800     142.750600      21.728000    1025.567990      67.162640     194.429990      10.210000      31.600000      11.200000   2.502386e+27
      37.608900     142.679090      21.728000    1535.162960      68.559090     194.429990      10.210000      38.000000      18.800000   3.745798e+27
      37.391000     142.607700      21.728000    1088.816040      55.930360     194.429990      10.210000      60.000000      14.800000   2.656711e+27
      37.173200     142.536190      21.728000     663.920410      78.180810     194.429990      10.210000      80.000000      18.000000   1.619965e+27
      36.955300     142.464710      21.728000     171.687610     114.422300     194.429990      10.210000      84.800000      18.000000   4.189178e+26
      36.737400     142.393300      21.728000      28.073580      94.327270     194.429990      10.210000      96.400000      18.400000   6.849955e+25
      36.519500     142.321790      21.728000     424.353490     116.456800     194.429990      10.210000     126.000000       8.000000   1.035422e+27
      36.301600     142.250310      21.728000     146.071590     105.582100     194.429990      10.210000     142.400000       8.800000   3.564146e+26
      36.083700     142.178890      21.728000     198.226100     126.087800     194.429990      10.210000     151.200000      15.600000   4.836717e+26
      35.865800     142.107410      21.728000      28.803410     124.310000     194.429990      10.210000     172.400000      10.400000   7.028031e+25
      35.648000     142.035900      21.728000      62.277910     102.673000     194.429990      10.210000     192.400000      26.000000   1.519581e+26
      35.430100     141.964490      21.728000     196.374690      83.517120     194.429990      10.210000     208.400000      22.000000   4.791542e+26
      40.703400     143.460910      25.273200      95.065160     117.346400     194.429990      10.210000     187.200000      17.200000   3.210070e+26
      40.485600     143.389500      25.273200      10.724880      80.070050     194.429990      10.210000     171.200000       9.200000   3.621475e+25
      40.267700     143.317990      25.273200     119.998000      91.908870     194.429990      10.210000     160.800000      20.000000   4.051978e+26
      40.049800     143.246510      25.273200     108.528600      93.019030     194.429990      10.210000     140.000000      24.400000   3.664690e+26
      39.831900     143.175090      25.273200      24.745820      99.951250     194.429990      10.210000     116.800000      15.200000   8.355932e+25
      39.614000     143.103610      25.273200      52.774960      65.896410     194.429990      10.210000      92.000000      14.800000   1.782055e+26
      39.396100     143.032200      25.273200      15.387520     115.868000     194.429990      10.210000      68.000000       9.200000   5.195911e+25
      39.178300     142.960690      25.273200     720.918580      75.926910     194.429990      10.210000      53.600000      22.000000   2.434329e+27
      38.960400     142.889210      25.273200    1331.022950      77.139710     194.429990      10.210000      32.400000      13.600000   4.494471e+27
      38.742500     142.817790      25.273200    1670.829960      78.253770     194.429990      10.210000      36.000000      17.200000   5.641898e+27
      38.524600     142.746310      25.273200    1569.901980      67.280620     194.429990      10.210000      17.600000       9.600000   5.301095e+27
      38.306700     142.674800      25.273200    1475.506960      75.368450     194.429990      10.210000       8.000000      10.800000   4.982350e+27
      38.088800     142.603390      25.273200    1326.135990      81.066290     194.429990      10.210000      19.200000      23.600000   4.477968e+27
      37.871000     142.531910      25.273200    1277.640990      86.328310     194.429990      10.210000      28.400000      17.600000   4.314216e+27
      37.653100     142.460400      25.273200    1439.428960      82.813340     194.429990      10.210000      36.000000      14.800000   4.860527e+27
      37.435200     142.389010      25.273200     935.857970      65.361020     194.429990      10.210000      49.200000      17.600000   3.160116e+27
      37.217300     142.317500      25.273200     442.138090      86.829010     194.429990      10.210000      70.800000      11.200000   1.492969e+27
      36.999400     142.246090      25.273200      59.664440      85.574480     194.429990      10.210000      82.000000      18.800000   2.014692e+26
      36.781500     142.174610      25.273200      75.321140      54.512260     194.429990      10.210000      96.000000      23.200000   2.543372e+26
      36.563600     142.103100      25.273200     456.983700     109.860200     194.429990      10.210000     107.200000       9.200000   1.543099e+27
      36.345800     142.031690      25.273200     235.673800     114.183200     194.429990      10.210000     132.800000      13.200000   7.958008e+26
      36.127900     141.960210      25.273200      98.735540     127.093700     194.429990      10.210000     150.800000      12.000000   3.334007e+26
      35.910000     141.888790      25.273200      72.435390     127.858000     194.429990      10.210000     173.200000      10.400000   2.445929e+26
      35.692100     141.817310      25.273200      58.824560     113.244000     194.429990      10.210000     196.400000      23.200000   1.986332e+26
      35.474200     141.745800      25.273200     116.906200      67.890890     194.429990      10.210000     208.800000      20.000000   3.947577e+26
      40.747600     143.242290      28.818300      11.395200      86.626570     194.429990      10.210000     186.800000      10.400000   3.847822e+25
      40.529700     143.170810      28.818300      13.508200      68.997710     194.429990      10.210000     170.800000      10.400000   4.561320e+25
      40.311800     143.099300      28.818300     205.177400      63.066310     194.429990      10.210000     160.400000       9.200000   6.928234e+26
      40.093900     143.027890      28.818300     632.768130      50.337650     194.429990      10.210000     149.600000      12.000000   2.136671e+27
      39.876100     142.956410      28.818300      58.559390      66.786580     194.429990      10.210000     121.200000      10.400000   1.977377e+26
      39.658200     142.884900      28.818300      12.212020      79.440770     194.429990      10.210000      98.800000      13.200000   4.123637e+25
      39.440300     142.813510      28.818300     244.186290      51.349370     194.429990      10.210000      74.000000      10.400000   8.245450e+26
      39.222400     142.742000      28.818300     441.412690     117.143500     194.429990      10.210000      52.800000      11.600000   1.490520e+27
      39.004500     142.670590      28.818300     666.354190      60.553250     194.429990      10.210000      35.200000      24.400000   2.250081e+27
      38.786600     142.599110      28.818300    1620.599980      56.158290     194.429990      10.210000      24.000000      10.400000   5.472287e+27
      38.568700     142.527600      28.818300    1879.051030      63.282450     194.429990      10.210000      11.200000      25.600000   6.345000e+27
      38.350900     142.456210      28.818300    2363.364990      84.090000     194.429990      10.210000       0.000000      12.400000   7.980385e+27
      38.133000     142.384700      28.818300    1545.505980      79.252440     194.429990      10.210000       7.200000      13.200000   5.218717e+27
      37.915100     142.313290      28.818300    1260.378050      87.286710     194.429990      10.210000      20.000000      22.800000   4.255923e+27
      37.697200     142.241810      28.818300    1100.907960      83.196010     194.429990      10.210000      47.600000      11.600000   3.717441e+27
      37.479300     142.170300      28.818300     584.427430      56.758800     194.429990      10.210000      57.200000      12.000000   1.973439e+27
      37.261400     142.098910      28.818300     270.879700      99.498390     194.429990      10.210000      74.400000      24.400000   9.146806e+26
      37.043600     142.027400      28.818300     378.216890      81.913010     194.429990      10.210000      88.400000      10.400000   1.277127e+27
      36.825700     141.955900      28.818300       9.334850     113.349200     194.429990      10.210000     100.400000      17.200000   3.152104e+25
      36.607800     141.884510      28.818300       2.908160     115.056100     194.429990      10.210000     115.200000      19.200000   9.820000e+24
      36.389900     141.813000      28.818300     142.931590     108.481700     194.429990      10.210000     137.200000      13.600000   4.826378e+26
      36.172000     141.741590      28.818300       0.293030     102.092700     194.429990      10.210000     159.200000      21.200000   9.894807e+23
      35.954100     141.670100      28.818300      32.682020     112.927800     194.429990      10.210000     183.200000      13.600000   1.103575e+26
      35.736200     141.598600      28.818300     107.008100      73.102920     194.429990      10.210000     199.200000      15.600000   3.613348e+26
      35.518400     141.527210      28.818300     215.814000      91.145280     194.429990      10.210000     217.600000      17.200000   7.287399e+26
      40.791700     143.023610      32.363400     110.528500     116.833100     194.429990      10.210000     181.200000      20.400000   3.732221e+26
      40.573800     142.952100      32.363400     204.510600     118.195500     194.429990      10.210000     170.400000      10.400000   6.905718e+26
      40.356000     142.880710      32.363400     114.253300      67.340410     194.429990      10.210000     160.000000      15.600000   3.857997e+26
      40.138100     142.809200      32.363400     607.952510      54.062110     194.429990      10.210000     143.600000      11.600000   2.052876e+27
      39.920200     142.737790      32.363400     172.069200     118.852500     194.429990      10.210000     120.000000      26.000000   5.810268e+26
      39.702300     142.666310      32.363400       2.660740     104.269500     194.429990      10.210000      92.800000      15.200000   8.984539e+24
      39.484400     142.594800      32.363400     126.432500      93.127500     194.429990      10.210000      72.000000      14.800000   4.269253e+26
      39.266500     142.523410      32.363400     490.800510     115.735000     194.429990      10.210000      54.400000      11.600000   1.657288e+27
      39.048700     142.451900      32.363400     344.548310      76.554170     194.429990      10.210000      40.400000      11.600000   1.163438e+27
      38.830800     142.380400      32.363400     760.204590      67.040320     194.429990      10.210000      28.400000      26.400000   2.566986e+27
      38.612900     142.309010      32.363400    1336.963990      71.049220     194.429990      10.210000      16.400000      15.200000   4.514532e+27
      38.395000     142.237500      32.363400    1847.505980      96.936270     194.429990      10.210000      10.400000      16.800000   6.238481e+27
      38.177100     142.166110      32.363400    1370.182980     114.676300     194.429990      10.210000      16.800000      17.600000   4.626702e+27
      37.959200     142.094600      32.363400     813.619870     104.635700     194.429990      10.210000      20.800000      11.600000   2.747354e+27
      37.741300     142.023100      32.363400     732.531920      78.315860     194.429990      10.210000      39.200000      15.600000   2.473544e+27
      37.523500     141.951710      32.363400     319.975890      79.581010     194.429990      10.210000      54.400000      10.400000   1.080464e+27
      37.305600     141.880200      32.363400     151.136700      95.358150     194.429990      10.210000      71.200000      11.600000   5.103439e+26
      37.087700     141.808700      32.363400     337.532290      53.851560     194.429990      10.210000      90.000000       9.200000   1.139746e+27
      36.869800     141.737300      32.363400     113.118300      91.303230     194.429990      10.210000     102.000000      21.600000   3.819670e+26
      36.651900     141.665800      32.363400     120.737000     121.279700     194.429990      10.210000     115.600000      17.600000   4.076931e+26
      36.434000     141.594410      32.363400     108.721200      82.681080     194.429990      10.210000     139.200000       9.200000   3.671194e+26
      36.216200     141.522900      32.363400      74.452920     124.118600     194.429990      10.210000     166.400000      26.000000   2.514056e+26
      35.998300     141.451400      32.363400      52.044140     110.058000     194.429990      10.210000     186.000000      14.400000   1.757376e+26
      35.780400     141.380000      32.363400      33.149320      83.799890     194.429990      10.210000     206.800000       9.200000   1.119354e+26
      35.562500     141.308500      32.363400      76.131480      80.070050     194.429990      10.210000     220.400000      13.600000   2.570735e+26
      40.835900     142.804900      35.908600     253.736800      53.739190     194.429990      10.210000     177.200000      10.400000   8.567942e+26
      40.618000     142.733510      35.908600     141.790800     114.670500     194.429990      10.210000     170.400000      12.000000   4.787856e+26
      40.400100     142.662000      35.908600      96.310840      50.374880     194.429990      10.210000     156.800000      12.800000   3.252133e+26
      40.182200     142.590610      35.908600     485.381710      54.975620     194.429990      10.210000     139.600000      15.600000   1.638990e+27
      39.964300     142.519100      35.908600     278.363400      52.151390     194.429990      10.210000     114.000000      14.400000   9.399510e+26
      39.746500     142.447600      35.908600     118.955800      73.212460     194.429990      10.210000      93.200000      19.200000   4.016785e+26
      39.528600     142.376210      35.908600     261.141910      90.549710     194.429990      10.210000      75.600000       9.200000   8.817990e+26
      39.310700     142.304700      35.908600     385.426090      61.185380     194.429990      10.210000      58.800000      21.200000   1.301470e+27
      39.092800     142.233200      35.908600     569.016480      73.361630     194.429990      10.210000      48.000000      22.000000   1.921400e+27
      38.874900     142.161800      35.908600     748.512880      58.335460     194.429990      10.210000      40.000000      19.200000   2.527507e+27
      38.657000     142.090300      35.908600     819.919680      61.216540     194.429990      10.210000      31.600000      23.200000   2.768626e+27
      38.439100     142.018910      35.908600    1011.335020      78.556310     194.429990      10.210000      21.600000       7.600000   3.414980e+27
      38.221300     141.947400      35.908600     477.315310      95.144520     194.429990      10.210000      16.800000      17.200000   1.611752e+27
      38.003400     141.875900      35.908600     255.547100      76.430070     194.429990      10.210000      28.800000      12.800000   8.629069e+26
      37.785500     141.804500      35.908600     326.917600     112.106300     194.429990      10.210000      44.800000      11.600000   1.103904e+27
      37.567600     141.733000      35.908600     103.884200     123.374300     194.429990      10.210000      51.200000      14.800000   3.507862e+26
      37.349700     141.661500      35.908600      75.725810      98.247250     194.429990      10.210000      68.400000      20.400000   2.557037e+26
      37.131800     141.590100      35.908600     450.391910      52.277810     194.429990      10.210000      88.000000      22.000000   1.520840e+27
      36.914000     141.518600      35.908600     218.333690      53.207580     194.429990      10.210000     103.600000      17.200000   7.372483e+26
      36.696100     141.447200      35.908600      29.373200      67.288420     194.429990      10.210000     119.200000       8.000000   9.918460e+25
      36.478200     141.375700      35.908600     259.766300      67.716580     194.429990      10.210000     141.200000       8.800000   8.771540e+26
      36.260300     141.304200      35.908600     156.191800     108.968500     194.429990      10.210000     167.600000      15.200000   5.274136e+26
      36.042400     141.232800      35.908600      62.821190     105.754300     194.429990      10.210000     188.800000      18.000000   2.121286e+26
      35.824500     141.161300      35.908600     110.201600     126.336700     194.429990      10.210000     213.600000      12.000000   3.721182e+26
      35.606600     141.089900      35.908600      80.752380     100.902600     194.429990      10.210000     224.000000      10.400000   2.726769e+26
      40.880000     142.586300      39.453700     149.707200      63.039100     194.429990      10.210000     169.600000      16.000000   5.055169e+26
      40.662100     142.514800      39.453700     228.774200      77.715710     194.429990      10.210000     164.400000      12.000000   7.725029e+26
      40.444200     142.443410      39.453700     255.651090      79.832860     194.429990      10.210000     154.800000      14.800000   8.632579e+26
      40.226400     142.371900      39.453700     602.910280      62.787080     194.429990      10.210000     138.400000      14.800000   2.035850e+27
      40.008500     142.300400      39.453700     343.213010      97.731790     194.429990      10.210000     108.000000       8.800000   1.158929e+27
      39.790600     142.229000      39.453700      16.601590     101.174000     194.429990      10.210000      93.200000      20.800000   5.605865e+25
      39.572700     142.157500      39.453700     573.946290      86.899110     194.429990      10.210000      74.000000       8.800000   1.938047e+27
      39.354800     142.086000      39.453700     604.245790      63.859890     194.429990      10.210000      62.800000      18.000000   2.040359e+27
      39.136900     142.014600      39.453700     639.767580      79.980350     194.429990      10.210000      52.000000      15.200000   2.160306e+27
      38.919100     141.943100      39.453700     754.555730      62.213410     194.429990      10.210000      52.000000      17.600000   2.547911e+27
      38.701200     141.871700      39.453700    1049.404050      63.392330     194.429990      10.210000      40.800000      18.000000   3.543527e+27
      38.483300     141.800200      39.453700     962.533870      67.696780     194.429990      10.210000      30.400000      20.800000   3.250193e+27
      38.265400     141.728700      39.453700     656.554870      65.210120     194.429990      10.210000      25.600000       9.200000   2.216991e+27
      38.047500     141.657300      39.453700     370.492610      69.896240     194.429990      10.210000      34.000000      14.800000   1.251044e+27
      37.829600     141.585800      39.453700     308.878690      54.706380     194.429990      10.210000      50.000000       9.600000   1.042992e+27
      37.611700     141.514400      39.453700      30.747390     121.769700     194.429990      10.210000      52.000000      21.200000   1.038248e+26
      37.393900     141.442900      39.453700     164.144000     122.326400     194.429990      10.210000      61.600000      12.000000   5.542657e+26
      37.176000     141.371400      39.453700     537.962220      58.344980     194.429990      10.210000      83.600000      13.200000   1.816540e+27
      36.958100     141.300000      39.453700     434.564610      51.720250     194.429990      10.210000     101.600000       8.800000   1.467396e+27
      36.740200     141.228500      39.453700      36.049370      89.990550     194.429990      10.210000     126.400000      11.600000   1.217281e+26
      36.522300     141.157000      39.453700      80.774110      98.470230     194.429990      10.210000     150.000000       9.200000   2.727503e+26
      36.304400     141.085600      39.453700     160.741700     102.639400     194.429990      10.210000     173.600000       9.200000   5.427772e+26
      36.086600     141.014100      39.453700       4.888000     115.171300     194.429990      10.210000     194.400000      24.800000   1.650532e+25
      35.868700     140.942700      39.453700     299.984100      57.503770     194.429990      10.210000     213.600000      15.200000   1.012958e+27
      35.650800     140.871200      39.453700     291.321010      55.337430     194.429990      10.210000     226.000000      10.400000   9.837050e+26
      40.924200     142.367600      42.998800     132.941600      53.345050     194.429990      10.210000     158.400000      26.400000   4.489045e+26
      40.706300     142.296200      42.998800      50.472480      80.919850     194.429990      10.210000     152.800000      22.000000   1.704307e+26
      40.488400     142.224700      42.998800     441.530000      74.520420     194.429990      10.210000     149.600000      11.600000   1.490916e+27
      40.270500     142.153200      42.998800     719.962830      53.125110     194.429990      10.210000     141.600000      19.200000   2.431102e+27
      40.052600     142.081800      42.998800      86.305850      55.314900     194.429990      10.210000     117.200000      20.800000   2.914294e+26
      39.834700     142.010300      42.998800      45.219730      73.615400     194.429990      10.210000      98.400000      17.200000   1.526937e+26
      39.616900     141.938900      42.998800     556.059080      77.854610     194.429990      10.210000      70.800000      14.800000   1.877647e+27
      39.399000     141.867400      42.998800     598.702700      75.881070     194.429990      10.210000      56.800000      15.200000   2.021642e+27
      39.181100     141.795900      42.998800     264.027400      74.438230     194.429990      10.210000      58.000000      12.000000   8.915426e+26
      38.963200     141.724500      42.998800     527.695130      63.814820     194.429990      10.210000      60.000000      14.400000   1.781870e+27
      38.745300     141.653000      42.998800    1125.635010      67.139540     194.429990      10.210000      54.400000      17.200000   3.800936e+27
      38.527400     141.581500      42.998800    1048.512940      75.458320     194.429990      10.210000      52.400000      19.200000   3.540518e+27
      38.309500     141.510100      42.998800     324.425690      77.201060     194.429990      10.210000      44.000000      13.600000   1.095490e+27
      38.091700     141.438600      42.998800     394.578700     101.552800     194.429990      10.210000      50.800000      21.600000   1.332376e+27
      37.873800     141.367200      42.998800     664.722470      80.507870     194.429990      10.210000      62.800000      12.000000   2.244571e+27
      37.655900     141.295700      42.998800     256.116210     112.051300     194.429990      10.210000      56.400000      15.200000   8.648287e+26
      37.438000     141.224200      42.998800     461.062190     126.422000     194.429990      10.210000      57.200000      16.000000   1.556871e+27
      37.220100     141.152800      42.998800     209.940800      52.636600     194.429990      10.210000      88.000000      13.200000   7.089079e+26
      37.002200     141.081300      42.998800     139.655810      58.260160     194.429990      10.210000     108.800000      10.000000   4.715763e+26
      36.784400     141.009800      42.998800     135.697100      87.573410     194.429990      10.210000     130.400000      19.200000   4.582090e+26
      36.566500     140.938400      42.998800     334.571990     115.267400     194.429990      10.210000     147.600000      22.800000   1.129750e+27
      36.348600     140.866900      42.998800      21.607790     115.813000     194.429990      10.210000     167.200000      14.800000   7.296311e+25
      36.130700     140.795500      42.998800      23.549480      51.951360     194.429990      10.210000     194.000000      14.400000   7.951963e+25
      35.912800     140.724000      42.998800     299.855710      53.225050     194.429990      10.210000     208.800000      15.600000   1.012524e+27
      35.694900     140.652500      42.998800     262.810090     120.968500     194.429990      10.210000     228.800000      10.000000   8.874321e+26
      40.968300     142.149000      46.543900     262.197600      56.833230     194.429990      10.210000     136.800000      11.600000   8.853636e+26
      40.750400     142.077500      46.543900     630.460510      73.476330     194.429990      10.210000     142.000000      26.400000   2.128879e+27
      40.532500     142.006000      46.543900     757.843320      62.627040     194.429990      10.210000     154.400000      26.400000   2.559012e+27
      40.314600     141.934600      46.543900     957.928590      65.309750     194.429990      10.210000     150.000000      19.200000   3.234642e+27
      40.096800     141.863100      46.543900     445.910890      69.821440     194.429990      10.210000     135.200000      18.800000   1.505709e+27
      39.878900     141.791700      46.543900       5.445370      74.374410     194.429990      10.210000     113.600000      15.200000   1.838739e+25
      39.661000     141.720200      46.543900     126.138500     112.506300     194.429990      10.210000      81.600000       8.400001   4.259324e+26
      39.443100     141.648700      46.543900     625.337520      63.828270     194.429990      10.210000      68.000000      13.200000   2.111580e+27
      39.225200     141.577300      46.543900     144.500900     105.946500     194.429990      10.210000      68.000000      10.800000   4.879368e+26
      39.007300     141.505800      46.543900      85.608550     106.635000     194.429990      10.210000      69.200000       9.200000   2.890748e+26
      38.789500     141.434300      46.543900     706.003420      89.533190     194.429990      10.210000      58.400000      12.800000   2.383964e+27
      38.571600     141.362900      46.543900    1147.609990      97.376400     194.429990      10.210000      67.600000       8.800000   3.875140e+27
      38.353700     141.291400      46.543900     439.807010      91.673330     194.429990      10.210000      60.400000      19.600000   1.485098e+27
      38.135800     141.220000      46.543900      35.982980     129.839600     194.429990      10.210000      62.800000       9.200000   1.215039e+26
      37.917900     141.148500      46.543900     310.119200      64.950360     194.429990      10.210000      62.000000      23.600000   1.047181e+27
      37.700000     141.077000      46.543900       6.972360      87.690060     194.429990      10.210000      66.400000      14.400000   2.354359e+25
      37.482100     141.005600      46.543900     118.963900     109.754200     194.429990      10.210000      72.000000       8.400001   4.017059e+26
      37.264300     140.934100      46.543900      86.051450      79.251380     194.429990      10.210000      88.800000       9.600000   2.905703e+26
      37.046400     140.862590      46.543900     156.220090      55.857790     194.429990      10.210000     113.600000       8.800000   5.275091e+26
      36.828500     140.791200      46.543900      43.449960      50.125770     194.429990      10.210000     135.200000      25.200000   1.467177e+26
      36.610600     140.719700      46.543900     441.084690     124.394000     194.429990      10.210000     146.000000      10.000000   1.489412e+27
      36.392700     140.648300      46.543900     237.953800     121.360300     194.429990      10.210000     166.000000      11.600000   8.034994e+26
      36.174800     140.576800      46.543900     119.755500      63.114070     194.429990      10.210000     193.200000      25.200000   4.043789e+26
      35.957000     140.505290      46.543900     105.740000     106.431300     194.429990      10.210000     214.000000      14.800000   3.570527e+26
      35.739100     140.433900      46.543900      33.598040      93.589900     194.429990      10.210000     230.400000      13.600000   1.134507e+26
      41.012400     141.930300      50.089100     926.820920      55.812360     194.429990      10.210000     119.200000      13.600000   3.129601e+27
      40.794600     141.858800      50.089100     557.536990      52.237860     194.429990      10.210000     134.000000      11.600000   1.882638e+27
      40.576700     141.787400      50.089100     744.435420      56.280490     194.429990      10.210000     159.600000      19.200000   2.513738e+27
      40.358800     141.715900      50.089100     989.263310      53.347290     194.429990      10.210000     166.400000      15.200000   3.340450e+27
      40.140900     141.644500      50.089100     932.875980      61.871440     194.429990      10.210000     155.200000      17.600000   3.150046e+27
      39.923000     141.573000      50.089100     160.147900      93.162510     194.429990      10.210000     126.800000      16.000000   5.407721e+26
      39.705100     141.501500      50.089100      74.544860      75.141430     194.429990      10.210000      96.800000      22.000000   2.517159e+26
      39.487200     141.430100      50.089100     302.361110     129.025210     194.429990      10.210000      80.400000      12.000000   1.020984e+27
      39.269400     141.358600      50.089100     318.959410     129.869400     194.429990      10.210000      75.600000      20.400000   1.077032e+27
      39.051500     141.287090      50.089100     706.958190      51.813030     194.429990      10.210000      72.000000       9.200000   2.387189e+27
      38.833600     141.215700      50.089100     876.015080      62.874080     194.429990      10.210000      62.000000       7.600000   2.958044e+27
      38.615700     141.144200      50.089100     862.481870      88.373290     194.429990      10.210000      61.200000      20.400000   2.912347e+27
      38.397800     141.072800      50.089100     173.191890     100.924000     194.429990      10.210000      65.600000      16.400000   5.848177e+26
      38.179900     141.001300      50.089100     453.995210      62.886910     194.429990      10.210000      66.400000      17.200000   1.533008e+27
      37.962100     140.929790      50.089100     349.242490      67.152500     194.429990      10.210000      68.400000      14.000000   1.179288e+27
      37.744200     140.858400      50.089100     338.213010      72.894080     194.429990      10.210000      72.400000      12.000000   1.142046e+27
      37.526300     140.786900      50.089100     200.592900      59.287280     194.429990      10.210000      84.400000      18.000000   6.773430e+26
      37.308400     140.715500      50.089100     454.609190      53.678090     194.429990      10.210000     101.200000      20.800000   1.535081e+27
      37.090500     140.644000      50.089100     251.962710     129.886400     194.429990      10.210000     121.600000      17.600000   8.508037e+26
      36.872600     140.572490      50.089100     109.124000     127.587600     194.429990      10.210000     140.000000      13.200000   3.684795e+26
      36.654800     140.501100      50.089100     382.338500     119.694800     194.429990      10.210000     154.800000       8.800000   1.291044e+27
      36.436900     140.429600      50.089100     638.549320     114.026300     194.429990      10.210000     173.200000      10.000000   2.156192e+27
      36.219000     140.358090      50.089100      14.327140      90.363150     194.429990      10.210000     201.200000      10.000000   4.837851e+25
      36.001100     140.286700      50.089100     190.461110      83.463080     194.429990      10.210000     210.000000      15.600000   6.431309e+26
      35.783200     140.215190      50.089100     136.743300     108.052700     194.429990      10.210000     227.600000      11.600000   4.617417e+26
