#Total number of fault_segments=     1
#Fault_segment =   1 nx(Along-strike)=  25 Dx= 25.00km ny(downdip)=  14 Dy= 20.00km
#Boundary of Fault_segment     1
#Lon.  Lat.  Depth
      145.11800       40.37190        5.35655
      142.59100       35.19100        5.35655
      139.74400       36.05100       47.59390
      142.27100       41.23200       47.59390
      145.11800       40.37190        5.35655
#Lon. Lat. depth slip rake strike dip
    145.11800         40.37190        5.35655      200.00000      153.00000      201.00000        9.00000
    145.01601         40.16190        5.35655      400.00000      153.00000      201.00000        9.00000
    144.91299         39.95190        5.35655      400.00000      111.00000      201.00000        9.00000
    144.81100         39.74180        5.35655      500.00000       62.00000      201.00000        9.00000
    144.70799         39.53180        5.35655      600.00000       48.00000      201.00000        9.00000
    144.60600         39.32170        5.35655      600.00000       48.00000      201.00000        9.00000
    144.50301         39.11170        5.35655      500.00000       48.00000      201.00000        9.00000
    144.40100         38.90170        5.35655      400.00000       69.00000      201.00000        9.00000
    144.29800         38.69160        5.35655      600.00000      111.00000      201.00000        9.00000
    144.19600         38.48160        5.35655      900.00000      118.00000      201.00000        9.00000
    144.09399         38.27160        5.35655     1200.00000      111.00000      201.00000        9.00000
    143.99100         38.06150        5.35655     1400.00000      104.00000      201.00000        9.00000
    143.88901         37.85150        5.35655     1600.00000      104.00000      201.00000        9.00000
    143.78600         37.64140        5.35655     1500.00000       97.00000      201.00000        9.00000
    143.68401         37.43140        5.35655     1400.00000       83.00000      201.00000        9.00000
    143.58099         37.22140        5.35655     1200.00000       76.00000      201.00000        9.00000
    143.47900         37.01130        5.35655     1000.00000       76.00000      201.00000        9.00000
    143.37601         36.80130        5.35655     1000.00000       76.00000      201.00000        9.00000
    143.27400         36.59120        5.35655     1100.00000       83.00000      201.00000        9.00000
    143.17101         36.38120        5.35655     1100.00000       83.00000      201.00000        9.00000
    143.06900         36.17120        5.35655     1100.00000       83.00000      201.00000        9.00000
    142.96700         35.96110        5.35655      900.00000       83.00000      201.00000        9.00000
    142.86400         35.75110        5.35655      700.00000       69.00000      201.00000        9.00000
    142.76199         35.54100        5.35655      500.00000       69.00000      201.00000        9.00000
    142.65900         35.33100        5.35655      200.00000       69.00000      201.00000        9.00000
    144.90700         40.43560        8.48524      200.00000      160.00000      201.00000        9.00000
    144.80499         40.22560        8.48524      400.00000      132.00000      201.00000        9.00000
    144.70200         40.01560        8.48524      400.00000       97.00000      201.00000        9.00000
    144.60001         39.80550        8.48524      700.00000       55.00000      201.00000        9.00000
    144.49699         39.59550        8.48524      900.00000       48.00000      201.00000        9.00000
    144.39500         39.38550        8.48524      900.00000       48.00000      201.00000        9.00000
    144.29201         39.17540        8.48524      700.00000       55.00000      201.00000        9.00000
    144.19000         38.96540        8.48524      600.00000       83.00000      201.00000        9.00000
    144.08800         38.75530        8.48524     1100.00000      118.00000      201.00000        9.00000
    143.98500         38.54530        8.48524     1600.00000      118.00000      201.00000        9.00000
    143.88300         38.33530        8.48524     2000.00000      111.00000      201.00000        9.00000
    143.78000         38.12520        8.48524     2500.00000      104.00000      201.00000        9.00000
    143.67799         37.91520        8.48524     2800.00000      104.00000      201.00000        9.00000
    143.57500         37.70510        8.48524     2600.00000       97.00000      201.00000        9.00000
    143.47301         37.49510        8.48524     2300.00000       76.00000      201.00000        9.00000
    143.37000         37.28510        8.48524     1900.00000       69.00000      201.00000        9.00000
    143.26801         37.07500        8.48524     1600.00000       69.00000      201.00000        9.00000
    143.16499         36.86500        8.48524     1700.00000       76.00000      201.00000        9.00000
    143.06300         36.65490        8.48524     1800.00000       83.00000      201.00000        9.00000
    142.96100         36.44490        8.48524     1800.00000       83.00000      201.00000        9.00000
    142.85800         36.23490        8.48524     1800.00000       83.00000      201.00000        9.00000
    142.75600         36.02480        8.48524     1500.00000       83.00000      201.00000        9.00000
    142.65300         35.81480        8.48524     1000.00000       76.00000      201.00000        9.00000
    142.55099         35.60480        8.48524      600.00000       69.00000      201.00000        9.00000
    142.44800         35.39470        8.48524      200.00000       48.00000      201.00000        9.00000
    144.69600         40.49940       11.61390      200.00000      132.00000      201.00000        9.00000
    144.59399         40.28930       11.61390      300.00000      111.00000      201.00000        9.00000
    144.49100         40.07930       11.61390      400.00000       69.00000      201.00000        9.00000
    144.38901         39.86920       11.61390      700.00000       48.00000      201.00000        9.00000
    144.28600         39.65920       11.61390      900.00000       48.00000      201.00000        9.00000
    144.18401         39.44920       11.61390     1000.00000       55.00000      201.00000        9.00000
    144.08200         39.23910       11.61390      900.00000       69.00000      201.00000        9.00000
    143.97900         39.02910       11.61390      900.00000      104.00000      201.00000        9.00000
    143.87700         38.81900       11.61390     1500.00000      125.00000      201.00000        9.00000
    143.77400         38.60900       11.61390     2000.00000      118.00000      201.00000        9.00000
    143.67200         38.39900       11.61390     2400.00000      111.00000      201.00000        9.00000
    143.56900         38.18890       11.61390     2900.00000      104.00000      201.00000        9.00000
    143.46700         37.97890       11.61390     3100.00000       97.00000      201.00000        9.00000
    143.36400         37.76890       11.61390     2900.00000       90.00000      201.00000        9.00000
    143.26199         37.55880       11.61390     2800.00000       76.00000      201.00000        9.00000
    143.15900         37.34880       11.61390     2300.00000       69.00000      201.00000        9.00000
    143.05701         37.13870       11.61390     1900.00000       69.00000      201.00000        9.00000
    142.95500         36.92870       11.61390     1900.00000       76.00000      201.00000        9.00000
    142.85201         36.71870       11.61390     2000.00000       76.00000      201.00000        9.00000
    142.75000         36.50860       11.61390     2100.00000       76.00000      201.00000        9.00000
    142.64700         36.29860       11.61390     1900.00000       76.00000      201.00000        9.00000
    142.54500         36.08850       11.61390     1500.00000       76.00000      201.00000        9.00000
    142.44200         35.87850       11.61390      900.00000       69.00000      201.00000        9.00000
    142.34000         35.66850       11.61390      400.00000       62.00000      201.00000        9.00000
    142.23700         35.45840       11.61390      200.00000       41.00000      201.00000        9.00000
    144.48500         40.56310       14.74260      200.00000      111.00000      201.00000        9.00000
    144.38300         40.35300       14.74260      200.00000      104.00000      201.00000        9.00000
    144.28101         40.14300       14.74260      300.00000       41.00000      201.00000        9.00000
    144.17799         39.93290       14.74260      500.00000       55.00000      201.00000        9.00000
    144.07600         39.72290       14.74260      700.00000       69.00000      201.00000        9.00000
    143.97301         39.51290       14.74260      900.00000       76.00000      201.00000        9.00000
    143.87100         39.30280       14.74260     1000.00000       83.00000      201.00000        9.00000
    143.76801         39.09280       14.74260     1200.00000      118.00000      201.00000        9.00000
    143.66600         38.88280       14.74260     1800.00000      139.00000      201.00000        9.00000
    143.56300         38.67270       14.74260     2100.00000      125.00000      201.00000        9.00000
    143.46100         38.46270       14.74260     2600.00000      111.00000      201.00000        9.00000
    143.35800         38.25260       14.74260     2800.00000      111.00000      201.00000        9.00000
    143.25600         38.04260       14.74260     2700.00000      104.00000      201.00000        9.00000
    143.15300         37.83260       14.74260     2600.00000       90.00000      201.00000        9.00000
    143.05099         37.62250       14.74260     2600.00000       76.00000      201.00000        9.00000
    142.94901         37.41250       14.74260     2200.00000       69.00000      201.00000        9.00000
    142.84599         37.20240       14.74260     1800.00000       69.00000      201.00000        9.00000
    142.74400         36.99240       14.74260     1700.00000       69.00000      201.00000        9.00000
    142.64101         36.78240       14.74260     1800.00000       69.00000      201.00000        9.00000
    142.53900         36.57230       14.74260     1900.00000       69.00000      201.00000        9.00000
    142.43600         36.36230       14.74260     1700.00000       69.00000      201.00000        9.00000
    142.33400         36.15220       14.74260     1300.00000       69.00000      201.00000        9.00000
    142.23100         35.94220       14.74260      700.00000       62.00000      201.00000        9.00000
    142.12900         35.73220       14.74260      400.00000       41.00000      201.00000        9.00000
    142.02600         35.52210       14.74260      200.00000       20.00000      201.00000        9.00000
    144.27499         40.62680       17.87130      200.00000      160.00000      201.00000        9.00000
    144.17200         40.41670       17.87130      500.00000      160.00000      201.00000        9.00000
    144.07001         40.20670       17.87130      600.00000      153.00000      201.00000        9.00000
    143.96700         39.99670       17.87130      800.00000      146.00000      201.00000        9.00000
    143.86501         39.78660       17.87130      800.00000      125.00000      201.00000        9.00000
    143.76199         39.57660       17.87130     1000.00000      118.00000      201.00000        9.00000
    143.66000         39.36650       17.87130     1100.00000      111.00000      201.00000        9.00000
    143.55701         39.15650       17.87130     1400.00000      118.00000      201.00000        9.00000
    143.45500         38.94650       17.87130     2000.00000      139.00000      201.00000        9.00000
    143.35201         38.73640       17.87130     2400.00000      132.00000      201.00000        9.00000
    143.25000         38.52640       17.87130     2600.00000      118.00000      201.00000        9.00000
    143.14799         38.31630       17.87130     2300.00000      118.00000      201.00000        9.00000
    143.04500         38.10630       17.87130     1900.00000      111.00000      201.00000        9.00000
    142.94299         37.89630       17.87130     1900.00000       90.00000      201.00000        9.00000
    142.84000         37.68620       17.87130     2000.00000       83.00000      201.00000        9.00000
    142.73801         37.47620       17.87130     1700.00000       83.00000      201.00000        9.00000
    142.63499         37.26610       17.87130     1400.00000       83.00000      201.00000        9.00000
    142.53300         37.05610       17.87130     1400.00000       69.00000      201.00000        9.00000
    142.42999         36.84610       17.87130     1400.00000       55.00000      201.00000        9.00000
    142.32800         36.63600       17.87130     1400.00000       62.00000      201.00000        9.00000
    142.22501         36.42600       17.87130     1300.00000       62.00000      201.00000        9.00000
    142.12300         36.21600       17.87130      900.00000       69.00000      201.00000        9.00000
    142.02000         36.00590       17.87130      500.00000       83.00000      201.00000        9.00000
    141.91800         35.79590       17.87130      300.00000      104.00000      201.00000        9.00000
    141.81599         35.58580       17.87130      100.00000       90.00000      201.00000        9.00000
    144.06400         40.69050       21.00000      200.00000      160.00000      201.00000        9.00000
    143.96100         40.48040       21.00000      700.00000      160.00000      201.00000        9.00000
    143.85899         40.27040       21.00000     1100.00000      160.00000      201.00000        9.00000
    143.75600         40.06040       21.00000     1400.00000      160.00000      201.00000        9.00000
    143.65401         39.85030       21.00000     1400.00000      153.00000      201.00000        9.00000
    143.55099         39.64030       21.00000     1300.00000      146.00000      201.00000        9.00000
    143.44901         39.43020       21.00000     1200.00000      118.00000      201.00000        9.00000
    143.34599         39.22020       21.00000     1400.00000      104.00000      201.00000        9.00000
    143.24400         39.01020       21.00000     1800.00000      118.00000      201.00000        9.00000
    143.14200         38.80010       21.00000     2200.00000      111.00000      201.00000        9.00000
    143.03900         38.59010       21.00000     2500.00000       97.00000      201.00000        9.00000
    142.93700         38.38010       21.00000     2100.00000      104.00000      201.00000        9.00000
    142.83400         38.17000       21.00000     1600.00000      104.00000      201.00000        9.00000
    142.73199         37.96000       21.00000     1600.00000       97.00000      201.00000        9.00000
    142.62900         37.74990       21.00000     1700.00000       97.00000      201.00000        9.00000
    142.52699         37.53990       21.00000     1500.00000      104.00000      201.00000        9.00000
    142.42400         37.32990       21.00000     1100.00000      104.00000      201.00000        9.00000
    142.32201         37.11980       21.00000      900.00000       76.00000      201.00000        9.00000
    142.21899         36.90980       21.00000      900.00000       48.00000      201.00000        9.00000
    142.11700         36.69970       21.00000      900.00000       62.00000      201.00000        9.00000
    142.01500         36.48970       21.00000      800.00000       69.00000      201.00000        9.00000
    141.91200         36.27970       21.00000      600.00000       83.00000      201.00000        9.00000
    141.81000         36.06960       21.00000      400.00000       90.00000      201.00000        9.00000
    141.70700         35.85960       21.00000      300.00000       76.00000      201.00000        9.00000
    141.60500         35.64950       21.00000      200.00000       34.00000      201.00000        9.00000
    143.85300         40.75420       24.12870      100.00000      125.00000      201.00000        9.00000
    143.75000         40.54410       24.12870      400.00000      146.00000      201.00000        9.00000
    143.64799         40.33410       24.12870      900.00000      153.00000      201.00000        9.00000
    143.54500         40.12410       24.12870     1300.00000      160.00000      201.00000        9.00000
    143.44299         39.91400       24.12870     1500.00000      160.00000      201.00000        9.00000
    143.34000         39.70400       24.12870     1400.00000      160.00000      201.00000        9.00000
    143.23801         39.49390       24.12870     1000.00000      139.00000      201.00000        9.00000
    143.13600         39.28390       24.12870     1000.00000       97.00000      201.00000        9.00000
    143.03300         39.07390       24.12870     1500.00000       90.00000      201.00000        9.00000
    142.93100         38.86380       24.12870     2200.00000       83.00000      201.00000        9.00000
    142.82800         38.65380       24.12870     2500.00000       83.00000      201.00000        9.00000
    142.72600         38.44380       24.12870     2000.00000       90.00000      201.00000        9.00000
    142.62300         38.23370       24.12870     1600.00000       97.00000      201.00000        9.00000
    142.52100         38.02370       24.12870     1600.00000      104.00000      201.00000        9.00000
    142.41800         37.81360       24.12870     1600.00000      104.00000      201.00000        9.00000
    142.31599         37.60360       24.12870     1300.00000      111.00000      201.00000        9.00000
    142.21300         37.39360       24.12870      800.00000      111.00000      201.00000        9.00000
    142.11099         37.18350       24.12870      600.00000       69.00000      201.00000        9.00000
    142.00900         36.97350       24.12870      600.00000       48.00000      201.00000        9.00000
    141.90601         36.76340       24.12870      400.00000       62.00000      201.00000        9.00000
    141.80400         36.55340       24.12870      400.00000       90.00000      201.00000        9.00000
    141.70100         36.34340       24.12870      400.00000      118.00000      201.00000        9.00000
    141.59900         36.13330       24.12870      300.00000       69.00000      201.00000        9.00000
    141.49600         35.92330       24.12870      400.00000       41.00000      201.00000        9.00000
    141.39400         35.71330       24.12870      200.00000       20.00000      201.00000        9.00000
    143.64200         40.81790       27.25740        0.00000       97.00000      201.00000        9.00000
    143.53900         40.60790       27.25740      200.00000      139.00000      201.00000        9.00000
    143.43700         40.39780       27.25740      700.00000      160.00000      201.00000        9.00000
    143.33400         40.18780       27.25740     1000.00000      160.00000      201.00000        9.00000
    143.23199         39.97770       27.25740     1200.00000      160.00000      201.00000        9.00000
    143.13000         39.76770       27.25740     1000.00000      160.00000      201.00000        9.00000
    143.02699         39.55770       27.25740      700.00000      160.00000      201.00000        9.00000
    142.92500         39.34760       27.25740      700.00000      132.00000      201.00000        9.00000
    142.82201         39.13760       27.25740     1000.00000      104.00000      201.00000        9.00000
    142.72000         38.92750       27.25740     1800.00000       83.00000      201.00000        9.00000
    142.61700         38.71750       27.25740     2200.00000       76.00000      201.00000        9.00000
    142.51500         38.50750       27.25740     1900.00000       90.00000      201.00000        9.00000
    142.41200         38.29740       27.25740     1800.00000       90.00000      201.00000        9.00000
    142.31000         38.08740       27.25740     1700.00000       90.00000      201.00000        9.00000
    142.20700         37.87730       27.25740     1600.00000       97.00000      201.00000        9.00000
    142.10500         37.66730       27.25740     1100.00000       90.00000      201.00000        9.00000
    142.00301         37.45730       27.25740      600.00000       76.00000      201.00000        9.00000
    141.89999         37.24720       27.25740      500.00000       48.00000      201.00000        9.00000
    141.79800         37.03720       27.25740      500.00000       27.00000      201.00000        9.00000
    141.69501         36.82720       27.25740      200.00000       20.00000      201.00000        9.00000
    141.59300         36.61710       27.25740      200.00000       97.00000      201.00000        9.00000
    141.49001         36.40710       27.25740      300.00000      132.00000      201.00000        9.00000
    141.38800         36.19700       27.25740      300.00000       69.00000      201.00000        9.00000
    141.28500         35.98700       27.25740      400.00000       41.00000      201.00000        9.00000
    141.18300         35.77700       27.25740      200.00000       34.00000      201.00000        9.00000
    143.43100         40.88160       30.38610      200.00000       20.00000      201.00000        9.00000
    143.32800         40.67160       30.38610      400.00000       20.00000      201.00000        9.00000
    143.22600         40.46150       30.38610      200.00000       90.00000      201.00000        9.00000
    143.12399         40.25150       30.38610      400.00000      160.00000      201.00000        9.00000
    143.02100         40.04140       30.38610      600.00000      160.00000      201.00000        9.00000
    142.91901         39.83140       30.38610      400.00000      160.00000      201.00000        9.00000
    142.81599         39.62140       30.38610      300.00000      160.00000      201.00000        9.00000
    142.71400         39.41130       30.38610      400.00000      160.00000      201.00000        9.00000
    142.61099         39.20130       30.38610      500.00000       97.00000      201.00000        9.00000
    142.50900         38.99120       30.38610     1200.00000       62.00000      201.00000        9.00000
    142.40601         38.78120       30.38610     1600.00000       62.00000      201.00000        9.00000
    142.30400         38.57120       30.38610     1500.00000       97.00000      201.00000        9.00000
    142.20100         38.36110       30.38610     1500.00000      104.00000      201.00000        9.00000
    142.09900         38.15110       30.38610     1400.00000       97.00000      201.00000        9.00000
    141.99699         37.94110       30.38610     1400.00000       76.00000      201.00000        9.00000
    141.89400         37.73100       30.38610     1000.00000       55.00000      201.00000        9.00000
    141.79201         37.52100       30.38610      600.00000       55.00000      201.00000        9.00000
    141.68900         37.31090       30.38610      500.00000       55.00000      201.00000        9.00000
    141.58701         37.10090       30.38610      400.00000       55.00000      201.00000        9.00000
    141.48399         36.89090       30.38610      200.00000       83.00000      201.00000        9.00000
    141.38200         36.68080       30.38610      200.00000      104.00000      201.00000        9.00000
    141.27901         36.47080       30.38610      100.00000      104.00000      201.00000        9.00000
    141.17700         36.26070       30.38610      200.00000       41.00000      201.00000        9.00000
    141.07401         36.05070       30.38610      200.00000       55.00000      201.00000        9.00000
    140.97200         35.84070       30.38610        0.00000      104.00000      201.00000        9.00000
    143.22000         40.94530       33.51480      100.00000       20.00000      201.00000        9.00000
    143.11800         40.73530       33.51480      600.00000       20.00000      201.00000        9.00000
    143.01500         40.52520       33.51480      400.00000       20.00000      201.00000        9.00000
    142.91299         40.31520       33.51480      100.00000       48.00000      201.00000        9.00000
    142.81000         40.10510       33.51480      200.00000      160.00000      201.00000        9.00000
    142.70799         39.89510       33.51480        0.00000      132.00000      201.00000        9.00000
    142.60500         39.68510       33.51480      100.00000      160.00000      201.00000        9.00000
    142.50301         39.47500       33.51480      300.00000      160.00000      201.00000        9.00000
    142.39999         39.26500       33.51480      300.00000      139.00000      201.00000        9.00000
    142.29800         39.05500       33.51480      500.00000       69.00000      201.00000        9.00000
    142.19501         38.84490       33.51480      700.00000       76.00000      201.00000        9.00000
    142.09300         38.63490       33.51480      800.00000      111.00000      201.00000        9.00000
    141.99100         38.42480       33.51480      900.00000      125.00000      201.00000        9.00000
    141.88800         38.21480       33.51480      900.00000      104.00000      201.00000        9.00000
    141.78600         38.00480       33.51480      900.00000       62.00000      201.00000        9.00000
    141.68300         37.79470       33.51480      800.00000       41.00000      201.00000        9.00000
    141.58099         37.58470       33.51480      500.00000       55.00000      201.00000        9.00000
    141.47800         37.37460       33.51480      400.00000       83.00000      201.00000        9.00000
    141.37601         37.16460       33.51480      400.00000       76.00000      201.00000        9.00000
    141.27299         36.95460       33.51480      300.00000      111.00000      201.00000        9.00000
    141.17101         36.74450       33.51480      200.00000      111.00000      201.00000        9.00000
    141.06799         36.53450       33.51480        0.00000      104.00000      201.00000        9.00000
    140.96600         36.32450       33.51480        0.00000      139.00000      201.00000        9.00000
    140.86400         36.11440       33.51480      100.00000      160.00000      201.00000        9.00000
    140.76100         35.90440       33.51480        0.00000       20.00000      201.00000        9.00000
    143.00900         41.00900       36.64340      100.00000       76.00000      201.00000        9.00000
    142.90700         40.79900       36.64340      500.00000       20.00000      201.00000        9.00000
    142.80400         40.58890       36.64340      300.00000       20.00000      201.00000        9.00000
    142.70200         40.37890       36.64340      100.00000       20.00000      201.00000        9.00000
    142.59900         40.16890       36.64340        0.00000      132.00000      201.00000        9.00000
    142.49699         39.95880       36.64340        0.00000      104.00000      201.00000        9.00000
    142.39400         39.74880       36.64340        0.00000       97.00000      201.00000        9.00000
    142.29201         39.53870       36.64340      100.00000      160.00000      201.00000        9.00000
    142.18900         39.32870       36.64340      200.00000      160.00000      201.00000        9.00000
    142.08701         39.11870       36.64340      100.00000      125.00000      201.00000        9.00000
    141.98500         38.90860       36.64340      300.00000       69.00000      201.00000        9.00000
    141.88200         38.69860       36.64340      300.00000       97.00000      201.00000        9.00000
    141.78000         38.48850       36.64340      300.00000      153.00000      201.00000        9.00000
    141.67700         38.27850       36.64340      200.00000      146.00000      201.00000        9.00000
    141.57500         38.06850       36.64340      200.00000       20.00000      201.00000        9.00000
    141.47200         37.85840       36.64340      300.00000       20.00000      201.00000        9.00000
    141.37000         37.64840       36.64340      200.00000       48.00000      201.00000        9.00000
    141.26700         37.43840       36.64340      300.00000      111.00000      201.00000        9.00000
    141.16499         37.22830       36.64340      200.00000      104.00000      201.00000        9.00000
    141.06200         37.01830       36.64340      100.00000      104.00000      201.00000        9.00000
    140.96001         36.80820       36.64340      100.00000      104.00000      201.00000        9.00000
    140.85800         36.59820       36.64340      100.00000       34.00000      201.00000        9.00000
    140.75500         36.38820       36.64340      100.00000       97.00000      201.00000        9.00000
    140.65300         36.17810       36.64340        0.00000       62.00000      201.00000        9.00000
    140.55000         35.96810       36.64340        0.00000       41.00000      201.00000        9.00000
    142.79800         41.07270       39.77210      100.00000       20.00000      201.00000        9.00000
    142.69600         40.86270       39.77210      400.00000       20.00000      201.00000        9.00000
    142.59300         40.65260       39.77210      100.00000       20.00000      201.00000        9.00000
    142.49100         40.44260       39.77210        0.00000       20.00000      201.00000        9.00000
    142.38800         40.23260       39.77210      100.00000       20.00000      201.00000        9.00000
    142.28600         40.02250       39.77210        0.00000       20.00000      201.00000        9.00000
    142.18401         39.81250       39.77210        0.00000      111.00000      201.00000        9.00000
    142.08099         39.60240       39.77210        0.00000       48.00000      201.00000        9.00000
    141.97900         39.39240       39.77210        0.00000       27.00000      201.00000        9.00000
    141.87601         39.18240       39.77210        0.00000       34.00000      201.00000        9.00000
    141.77400         38.97230       39.77210      200.00000       76.00000      201.00000        9.00000
    141.67101         38.76230       39.77210      300.00000       48.00000      201.00000        9.00000
    141.56900         38.55230       39.77210      200.00000       76.00000      201.00000        9.00000
    141.46600         38.34220       39.77210      200.00000      139.00000      201.00000        9.00000
    141.36400         38.13220       39.77210      100.00000      111.00000      201.00000        9.00000
    141.26100         37.92210       39.77210      100.00000       27.00000      201.00000        9.00000
    141.15900         37.71210       39.77210        0.00000       76.00000      201.00000        9.00000
    141.05600         37.50210       39.77210      200.00000      153.00000      201.00000        9.00000
    140.95399         37.29200       39.77210        0.00000       62.00000      201.00000        9.00000
    140.85201         37.08200       39.77210        0.00000       62.00000      201.00000        9.00000
    140.74899         36.87190       39.77210        0.00000      111.00000      201.00000        9.00000
    140.64700         36.66190       39.77210        0.00000       48.00000      201.00000        9.00000
    140.54401         36.45190       39.77210        0.00000      125.00000      201.00000        9.00000
    140.44200         36.24180       39.77210        0.00000      146.00000      201.00000        9.00000
    140.33900         36.03180       39.77210        0.00000       34.00000      201.00000        9.00000
    142.58701         41.13640       42.90080      200.00000       20.00000      201.00000        9.00000
    142.48500         40.92640       42.90080      400.00000       20.00000      201.00000        9.00000
    142.38200         40.71630       42.90080      100.00000       20.00000      201.00000        9.00000
    142.28000         40.50630       42.90080        0.00000      160.00000      201.00000        9.00000
    142.17799         40.29630       42.90080        0.00000       76.00000      201.00000        9.00000
    142.07500         40.08620       42.90080        0.00000       55.00000      201.00000        9.00000
    141.97301         39.87620       42.90080        0.00000       55.00000      201.00000        9.00000
    141.87000         39.66620       42.90080        0.00000       76.00000      201.00000        9.00000
    141.76801         39.45610       42.90080      100.00000       41.00000      201.00000        9.00000
    141.66499         39.24610       42.90080        0.00000       55.00000      201.00000        9.00000
    141.56300         39.03600       42.90080      200.00000      104.00000      201.00000        9.00000
    141.46001         38.82600       42.90080      100.00000      139.00000      201.00000        9.00000
    141.35800         38.61600       42.90080        0.00000       76.00000      201.00000        9.00000
    141.25500         38.40590       42.90080      100.00000       76.00000      201.00000        9.00000
    141.15300         38.19590       42.90080      300.00000      118.00000      201.00000        9.00000
    141.05099         37.98580       42.90080      200.00000      111.00000      201.00000        9.00000
    140.94800         37.77580       42.90080        0.00000      139.00000      201.00000        9.00000
    140.84599         37.56580       42.90080      100.00000       62.00000      201.00000        9.00000
    140.74300         37.35570       42.90080        0.00000      153.00000      201.00000        9.00000
    140.64101         37.14570       42.90080        0.00000       27.00000      201.00000        9.00000
    140.53799         36.93560       42.90080        0.00000      146.00000      201.00000        9.00000
    140.43600         36.72560       42.90080      100.00000      160.00000      201.00000        9.00000
    140.33299         36.51560       42.90080        0.00000       76.00000      201.00000        9.00000
    140.23100         36.30550       42.90080      100.00000       20.00000      201.00000        9.00000
    140.12801         36.09550       42.90080        0.00000      160.00000      201.00000        9.00000
    142.37601         41.20010       46.02950        0.00000      146.00000      201.00000        9.00000
    142.27400         40.99010       46.02950        0.00000       20.00000      201.00000        9.00000
    142.17200         40.78010       46.02950        0.00000       62.00000      201.00000        9.00000
    142.06900         40.57000       46.02950        0.00000       69.00000      201.00000        9.00000
    141.96700         40.36000       46.02950        0.00000      132.00000      201.00000        9.00000
    141.86400         40.14990       46.02950      100.00000       20.00000      201.00000        9.00000
    141.76199         39.93990       46.02950        0.00000      153.00000      201.00000        9.00000
    141.65900         39.72990       46.02950        0.00000       83.00000      201.00000        9.00000
    141.55701         39.51980       46.02950      300.00000       20.00000      201.00000        9.00000
    141.45399         39.30980       46.02950      300.00000       34.00000      201.00000        9.00000
    141.35201         39.09970       46.02950      300.00000       76.00000      201.00000        9.00000
    141.24899         38.88970       46.02950      200.00000       97.00000      201.00000        9.00000
    141.14700         38.67970       46.02950      200.00000       62.00000      201.00000        9.00000
    141.04500         38.46960       46.02950      300.00000       62.00000      201.00000        9.00000
    140.94200         38.25960       46.02950      300.00000      118.00000      201.00000        9.00000
    140.84000         38.04950       46.02950      200.00000      132.00000      201.00000        9.00000
    140.73700         37.83950       46.02950      100.00000      139.00000      201.00000        9.00000
    140.63499         37.62950       46.02950      200.00000      118.00000      201.00000        9.00000
    140.53200         37.41940       46.02950      200.00000      146.00000      201.00000        9.00000
    140.42999         37.20940       46.02950      200.00000      160.00000      201.00000        9.00000
    140.32700         36.99940       46.02950        0.00000      153.00000      201.00000        9.00000
    140.22501         36.78930       46.02950      100.00000       27.00000      201.00000        9.00000
    140.12199         36.57930       46.02950        0.00000      139.00000      201.00000        9.00000
    140.02000         36.36920       46.02950        0.00000       41.00000      201.00000        9.00000
    139.91800         36.15920       46.02950        0.00000       48.00000      201.00000        9.00000
